0.1 0.904837
0.101 0.903933
0.102 0.90303
0.103 0.902127
0.104 0.901225
0.105 0.900325
0.106 0.899425
0.107 0.898526
0.108 0.897628
0.109 0.89673
0.11 0.895834
0.111 0.894939
0.112 0.894044
0.113 0.893151
0.114 0.892258
0.115 0.891366
0.116 0.890475
0.117 0.889585
0.118 0.888696
0.119 0.887808
0.12 0.88692
0.121 0.886034
0.122 0.885148
0.123 0.884264
0.124 0.88338
0.125 0.882497
0.126 0.881615
0.127 0.880734
0.128 0.879853
0.129 0.878974
0.13 0.878095
0.131 0.877218
0.132 0.876341
0.133 0.875465
0.134 0.87459
0.135 0.873716
0.136 0.872843
0.137 0.87197
0.138 0.871099
0.139 0.870228
0.14 0.869358
0.141 0.868489
0.142 0.867621
0.143 0.866754
0.144 0.865888
0.145 0.865022
0.146 0.864158
0.147 0.863294
0.148 0.862431
0.149 0.861569
0.15 0.860708
0.151 0.859848
0.152 0.858988
0.153 0.85813
0.154 0.857272
0.155 0.856415
0.156 0.855559
0.157 0.854704
0.158 0.85385
0.159 0.852996
0.16 0.852144
0.161 0.851292
0.162 0.850441
0.163 0.849591
0.164 0.848742
0.165 0.847894
0.166 0.847046
0.167 0.8462
0.168 0.845354
0.169 0.844509
0.17 0.843665
0.171 0.842822
0.172 0.841979
0.173 0.841138
0.174 0.840297
0.175 0.839457
0.176 0.838618
0.177 0.83778
0.178 0.836942
0.179 0.836106
0.18 0.83527
0.181 0.834435
0.182 0.833601
0.183 0.832768
0.184 0.831936
0.185 0.831104
0.186 0.830274
0.187 0.829444
0.188 0.828615
0.189 0.827787
0.19 0.826959
0.191 0.826133
0.192 0.825307
0.193 0.824482
0.194 0.823658
0.195 0.822835
0.196 0.822012
0.197 0.821191
0.198 0.82037
0.199 0.81955
0.2 0.818731
0.201 0.817912
0.202 0.817095
0.203 0.816278
0.204 0.815462
0.205 0.814647
0.206 0.813833
0.207 0.81302
0.208 0.812207
0.209 0.811395
0.21 0.810584
0.211 0.809774
0.212 0.808965
0.213 0.808156
0.214 0.807348
0.215 0.806541
0.216 0.805735
0.217 0.80493
0.218 0.804125
0.219 0.803322
0.22 0.802519
0.221 0.801717
0.222 0.800915
0.223 0.800115
0.224 0.799315
0.225 0.798516
0.226 0.797718
0.227 0.796921
0.228 0.796124
0.229 0.795329
0.23 0.794534
0.231 0.793739
0.232 0.792946
0.233 0.792154
0.234 0.791362
0.235 0.790571
0.236 0.789781
0.237 0.788991
0.238 0.788203
0.239 0.787415
0.24 0.786628
0.241 0.785842
0.242 0.785056
0.243 0.784272
0.244 0.783488
0.245 0.782705
0.246 0.781922
0.247 0.781141
0.248 0.78036
0.249 0.77958
0.25 0.778801
0.251 0.778022
0.252 0.777245
0.253 0.776468
0.254 0.775692
0.255 0.774916
0.256 0.774142
0.257 0.773368
0.258 0.772595
0.259 0.771823
0.26 0.771052
0.261 0.770281
0.262 0.769511
0.263 0.768742
0.264 0.767974
0.265 0.767206
0.266 0.766439
0.267 0.765673
0.268 0.764908
0.269 0.764143
0.27 0.763379
0.271 0.762616
0.272 0.761854
0.273 0.761093
0.274 0.760332
0.275 0.759572
0.276 0.758813
0.277 0.758054
0.278 0.757297
0.279 0.75654
0.28 0.755784
0.281 0.755028
0.282 0.754274
0.283 0.75352
0.284 0.752767
0.285 0.752014
0.286 0.751263
0.287 0.750512
0.288 0.749762
0.289 0.749012
0.29 0.748264
0.291 0.747516
0.292 0.746769
0.293 0.746022
0.294 0.745276
0.295 0.744532
0.296 0.743787
0.297 0.743044
0.298 0.742301
0.299 0.741559
0.3 0.740818
0.301 0.740078
0.302 0.739338
0.303 0.738599
0.304 0.737861
0.305 0.737123
0.306 0.736387
0.307 0.735651
0.308 0.734915
0.309 0.734181
0.31 0.733447
0.311 0.732714
0.312 0.731982
0.313 0.73125
0.314 0.730519
0.315 0.729789
0.316 0.729059
0.317 0.728331
0.318 0.727603
0.319 0.726876
0.32 0.726149
0.321 0.725423
0.322 0.724698
0.323 0.723974
0.324 0.72325
0.325 0.722527
0.326 0.721805
0.327 0.721084
0.328 0.720363
0.329 0.719643
0.33 0.718924
0.331 0.718205
0.332 0.717487
0.333 0.71677
0.334 0.716054
0.335 0.715338
0.336 0.714623
0.337 0.713909
0.338 0.713195
0.339 0.712482
0.34 0.71177
0.341 0.711059
0.342 0.710348
0.343 0.709638
0.344 0.708929
0.345 0.70822
0.346 0.707512
0.347 0.706805
0.348 0.706099
0.349 0.705393
0.35 0.704688
0.351 0.703984
0.352 0.70328
0.353 0.702577
0.354 0.701875
0.355 0.701173
0.356 0.700473
0.357 0.699772
0.358 0.699073
0.359 0.698374
0.36 0.697676
0.361 0.696979
0.362 0.696282
0.363 0.695586
0.364 0.694891
0.365 0.694197
0.366 0.693503
0.367 0.69281
0.368 0.692117
0.369 0.691425
0.37 0.690734
0.371 0.690044
0.372 0.689354
0.373 0.688665
0.374 0.687977
0.375 0.687289
0.376 0.686602
0.377 0.685916
0.378 0.685231
0.379 0.684546
0.38 0.683861
0.381 0.683178
0.382 0.682495
0.383 0.681813
0.384 0.681131
0.385 0.680451
0.386 0.679771
0.387 0.679091
0.388 0.678412
0.389 0.677734
0.39 0.677057
0.391 0.67638
0.392 0.675704
0.393 0.675029
0.394 0.674354
0.395 0.67368
0.396 0.673007
0.397 0.672334
0.398 0.671662
0.399 0.670991
0.4 0.67032
0.401 0.66965
0.402 0.668981
0.403 0.668312
0.404 0.667644
0.405 0.666977
0.406 0.66631
0.407 0.665644
0.408 0.664979
0.409 0.664314
0.41 0.66365
0.411 0.662987
0.412 0.662324
0.413 0.661662
0.414 0.661001
0.415 0.66034
0.416 0.65968
0.417 0.659021
0.418 0.658362
0.419 0.657704
0.42 0.657047
0.421 0.65639
0.422 0.655734
0.423 0.655079
0.424 0.654424
0.425 0.65377
0.426 0.653116
0.427 0.652464
0.428 0.651811
0.429 0.65116
0.43 0.650509
0.431 0.649859
0.432 0.649209
0.433 0.64856
0.434 0.647912
0.435 0.647265
0.436 0.646618
0.437 0.645971
0.438 0.645326
0.439 0.644681
0.44 0.644036
0.441 0.643393
0.442 0.64275
0.443 0.642107
0.444 0.641465
0.445 0.640824
0.446 0.640184
0.447 0.639544
0.448 0.638905
0.449 0.638266
0.45 0.637628
0.451 0.636991
0.452 0.636354
0.453 0.635718
0.454 0.635083
0.455 0.634448
0.456 0.633814
0.457 0.63318
0.458 0.632547
0.459 0.631915
0.46 0.631284
0.461 0.630653
0.462 0.630022
0.463 0.629393
0.464 0.628764
0.465 0.628135
0.466 0.627507
0.467 0.62688
0.468 0.626254
0.469 0.625628
0.47 0.625002
0.471 0.624378
0.472 0.623754
0.473 0.62313
0.474 0.622507
0.475 0.621885
0.476 0.621263
0.477 0.620643
0.478 0.620022
0.479 0.619402
0.48 0.618783
0.481 0.618165
0.482 0.617547
0.483 0.61693
0.484 0.616313
0.485 0.615697
0.486 0.615082
0.487 0.614467
0.488 0.613853
0.489 0.613239
0.49 0.612626
0.491 0.612014
0.492 0.611402
0.493 0.610791
0.494 0.610181
0.495 0.609571
0.496 0.608962
0.497 0.608353
0.498 0.607745
0.499 0.607137
0.5 0.606531
0.501 0.605924
0.502 0.605319
0.503 0.604714
0.504 0.604109
0.505 0.603506
0.506 0.602902
0.507 0.6023
0.508 0.601698
0.509 0.601096
0.51 0.600496
0.511 0.599895
0.512 0.599296
0.513 0.598697
0.514 0.598098
0.515 0.597501
0.516 0.596903
0.517 0.596307
0.518 0.595711
0.519 0.595115
0.52 0.594521
0.521 0.593926
0.522 0.593333
0.523 0.59274
0.524 0.592147
0.525 0.591555
0.526 0.590964
0.527 0.590373
0.528 0.589783
0.529 0.589194
0.53 0.588605
0.531 0.588017
0.532 0.587429
0.533 0.586842
0.534 0.586255
0.535 0.585669
0.536 0.585084
0.537 0.584499
0.538 0.583915
0.539 0.583331
0.54 0.582748
0.541 0.582166
0.542 0.581584
0.543 0.581003
0.544 0.580422
0.545 0.579842
0.546 0.579262
0.547 0.578683
0.548 0.578105
0.549 0.577527
0.55 0.57695
0.551 0.576373
0.552 0.575797
0.553 0.575222
0.554 0.574647
0.555 0.574072
0.556 0.573498
0.557 0.572925
0.558 0.572353
0.559 0.571781
0.56 0.571209
0.561 0.570638
0.562 0.570068
0.563 0.569498
0.564 0.568929
0.565 0.56836
0.566 0.567792
0.567 0.567225
0.568 0.566658
0.569 0.566091
0.57 0.565525
0.571 0.56496
0.572 0.564396
0.573 0.563831
0.574 0.563268
0.575 0.562705
0.576 0.562142
0.577 0.561581
0.578 0.561019
0.579 0.560459
0.58 0.559898
0.581 0.559339
0.582 0.55878
0.583 0.558221
0.584 0.557663
0.585 0.557106
0.586 0.556549
0.587 0.555993
0.588 0.555437
0.589 0.554882
0.59 0.554327
0.591 0.553773
0.592 0.55322
0.593 0.552667
0.594 0.552114
0.595 0.551563
0.596 0.551011
0.597 0.550461
0.598 0.54991
0.599 0.549361
0.6 0.548812
0.601 0.548263
0.602 0.547715
0.603 0.547168
0.604 0.546621
0.605 0.546074
0.606 0.545529
0.607 0.544983
0.608 0.544439
0.609 0.543894
0.61 0.543351
0.611 0.542808
0.612 0.542265
0.613 0.541723
0.614 0.541182
0.615 0.540641
0.616 0.540101
0.617 0.539561
0.618 0.539021
0.619 0.538483
0.62 0.537944
0.621 0.537407
0.622 0.53687
0.623 0.536333
0.624 0.535797
0.625 0.535261
0.626 0.534726
0.627 0.534192
0.628 0.533658
0.629 0.533125
0.63 0.532592
0.631 0.532059
0.632 0.531528
0.633 0.530996
0.634 0.530466
0.635 0.529935
0.636 0.529406
0.637 0.528877
0.638 0.528348
0.639 0.52782
0.64 0.527292
0.641 0.526765
0.642 0.526239
0.643 0.525713
0.644 0.525187
0.645 0.524663
0.646 0.524138
0.647 0.523614
0.648 0.523091
0.649 0.522568
0.65 0.522046
0.651 0.521524
0.652 0.521003
0.653 0.520482
0.654 0.519962
0.655 0.519442
0.656 0.518923
0.657 0.518404
0.658 0.517886
0.659 0.517368
0.66 0.516851
0.661 0.516335
0.662 0.515819
0.663 0.515303
0.664 0.514788
0.665 0.514274
0.666 0.51376
0.667 0.513246
0.668 0.512733
0.669 0.512221
0.67 0.511709
0.671 0.511197
0.672 0.510686
0.673 0.510176
0.674 0.509666
0.675 0.509156
0.676 0.508648
0.677 0.508139
0.678 0.507631
0.679 0.507124
0.68 0.506617
0.681 0.506111
0.682 0.505605
0.683 0.505099
0.684 0.504595
0.685 0.50409
0.686 0.503586
0.687 0.503083
0.688 0.50258
0.689 0.502078
0.69 0.501576
0.691 0.501075
0.692 0.500574
0.693 0.500074
0.694 0.499574
0.695 0.499074
0.696 0.498576
0.697 0.498077
0.698 0.497579
0.699 0.497082
0.7 0.496585
0.701 0.496089
0.702 0.495593
0.703 0.495098
0.704 0.494603
0.705 0.494109
0.706 0.493615
0.707 0.493121
0.708 0.492628
0.709 0.492136
0.71 0.491644
0.711 0.491153
0.712 0.490662
0.713 0.490171
0.714 0.489682
0.715 0.489192
0.716 0.488703
0.717 0.488215
0.718 0.487727
0.719 0.487239
0.72 0.486752
0.721 0.486266
0.722 0.48578
0.723 0.485294
0.724 0.484809
0.725 0.484325
0.726 0.48384
0.727 0.483357
0.728 0.482874
0.729 0.482391
0.73 0.481909
0.731 0.481427
0.732 0.480946
0.733 0.480465
0.734 0.479985
0.735 0.479505
0.736 0.479026
0.737 0.478547
0.738 0.478069
0.739 0.477591
0.74 0.477114
0.741 0.476637
0.742 0.476161
0.743 0.475685
0.744 0.475209
0.745 0.474734
0.746 0.47426
0.747 0.473786
0.748 0.473312
0.749 0.472839
0.75 0.472367
0.751 0.471894
0.752 0.471423
0.753 0.470952
0.754 0.470481
0.755 0.470011
0.756 0.469541
0.757 0.469072
0.758 0.468603
0.759 0.468134
0.76 0.467666
0.761 0.467199
0.762 0.466732
0.763 0.466266
0.764 0.465799
0.765 0.465334
0.766 0.464869
0.767 0.464404
0.768 0.46394
0.769 0.463476
0.77 0.463013
0.771 0.46255
0.772 0.462088
0.773 0.461626
0.774 0.461165
0.775 0.460704
0.776 0.460243
0.777 0.459783
0.778 0.459324
0.779 0.458865
0.78 0.458406
0.781 0.457948
0.782 0.45749
0.783 0.457033
0.784 0.456576
0.785 0.45612
0.786 0.455664
0.787 0.455208
0.788 0.454753
0.789 0.454299
0.79 0.453845
0.791 0.453391
0.792 0.452938
0.793 0.452485
0.794 0.452033
0.795 0.451581
0.796 0.45113
0.797 0.450679
0.798 0.450229
0.799 0.449779
0.8 0.449329
0.801 0.44888
0.802 0.448431
0.803 0.447983
0.804 0.447535
0.805 0.447088
0.806 0.446641
0.807 0.446195
0.808 0.445749
0.809 0.445303
0.81 0.444858
0.811 0.444413
0.812 0.443969
0.813 0.443525
0.814 0.443082
0.815 0.442639
0.816 0.442197
0.817 0.441755
0.818 0.441313
0.819 0.440872
0.82 0.440432
0.821 0.439991
0.822 0.439552
0.823 0.439112
0.824 0.438673
0.825 0.438235
0.826 0.437797
0.827 0.437359
0.828 0.436922
0.829 0.436486
0.83 0.436049
0.831 0.435613
0.832 0.435178
0.833 0.434743
0.834 0.434309
0.835 0.433874
0.836 0.433441
0.837 0.433008
0.838 0.432575
0.839 0.432142
0.84 0.431711
0.841 0.431279
0.842 0.430848
0.843 0.430417
0.844 0.429987
0.845 0.429557
0.846 0.429128
0.847 0.428699
0.848 0.428271
0.849 0.427843
0.85 0.427415
0.851 0.426988
0.852 0.426561
0.853 0.426135
0.854 0.425709
0.855 0.425283
0.856 0.424858
0.857 0.424433
0.858 0.424009
0.859 0.423585
0.86 0.423162
0.861 0.422739
0.862 0.422317
0.863 0.421894
0.864 0.421473
0.865 0.421052
0.866 0.420631
0.867 0.42021
0.868 0.41979
0.869 0.419371
0.87 0.418952
0.871 0.418533
0.872 0.418114
0.873 0.417697
0.874 0.417279
0.875 0.416862
0.876 0.416445
0.877 0.416029
0.878 0.415613
0.879 0.415198
0.88 0.414783
0.881 0.414368
0.882 0.413954
0.883 0.41354
0.884 0.413127
0.885 0.412714
0.886 0.412302
0.887 0.41189
0.888 0.411478
0.889 0.411067
0.89 0.410656
0.891 0.410245
0.892 0.409835
0.893 0.409426
0.894 0.409016
0.895 0.408608
0.896 0.408199
0.897 0.407791
0.898 0.407384
0.899 0.406976
0.9 0.40657
0.901 0.406163
0.902 0.405757
0.903 0.405352
0.904 0.404947
0.905 0.404542
0.906 0.404138
0.907 0.403734
0.908 0.40333
0.909 0.402927
0.91 0.402524
0.911 0.402122
0.912 0.40172
0.913 0.401318
0.914 0.400917
0.915 0.400517
0.916 0.400116
0.917 0.399716
0.918 0.399317
0.919 0.398918
0.92 0.398519
0.921 0.398121
0.922 0.397723
0.923 0.397325
0.924 0.396928
0.925 0.396531
0.926 0.396135
0.927 0.395739
0.928 0.395344
0.929 0.394948
0.93 0.394554
0.931 0.394159
0.932 0.393765
0.933 0.393372
0.934 0.392979
0.935 0.392586
0.936 0.392193
0.937 0.391801
0.938 0.39141
0.939 0.391019
0.94 0.390628
0.941 0.390237
0.942 0.389847
0.943 0.389458
0.944 0.389068
0.945 0.38868
0.946 0.388291
0.947 0.387903
0.948 0.387515
0.949 0.387128
0.95 0.386741
0.951 0.386354
0.952 0.385968
0.953 0.385583
0.954 0.385197
0.955 0.384812
0.956 0.384428
0.957 0.384043
0.958 0.383659
0.959 0.383276
0.96 0.382893
0.961 0.38251
0.962 0.382128
0.963 0.381746
0.964 0.381364
0.965 0.380983
0.966 0.380602
0.967 0.380222
0.968 0.379842
0.969 0.379462
0.97 0.379083
0.971 0.378704
0.972 0.378326
0.973 0.377947
0.974 0.37757
0.975 0.377192
0.976 0.376815
0.977 0.376439
0.978 0.376062
0.979 0.375687
0.98 0.375311
0.981 0.374936
0.982 0.374561
0.983 0.374187
0.984 0.373813
0.985 0.373439
0.986 0.373066
0.987 0.372693
0.988 0.372321
0.989 0.371948
0.99 0.371577
0.991 0.371205
0.992 0.370834
0.993 0.370464
0.994 0.370093
0.995 0.369723
0.996 0.369354
0.997 0.368985
0.998 0.368616
0.999 0.368248
1 0.367879
1.001 0.367512
1.002 0.367144
1.003 0.366777
1.004 0.366411
1.005 0.366045
1.006 0.365679
1.007 0.365313
1.008 0.364948
1.009 0.364583
1.01 0.364219
1.011 0.363855
1.012 0.363491
1.013 0.363128
1.014 0.362765
1.015 0.362402
1.016 0.36204
1.017 0.361678
1.018 0.361317
1.019 0.360956
1.02 0.360595
1.021 0.360235
1.022 0.359874
1.023 0.359515
1.024 0.359155
1.025 0.358796
1.026 0.358438
1.027 0.35808
1.028 0.357722
1.029 0.357364
1.03 0.357007
1.031 0.35665
1.032 0.356294
1.033 0.355938
1.034 0.355582
1.035 0.355226
1.036 0.354871
1.037 0.354517
1.038 0.354162
1.039 0.353808
1.04 0.353455
1.041 0.353101
1.042 0.352748
1.043 0.352396
1.044 0.352044
1.045 0.351692
1.046 0.35134
1.047 0.350989
1.048 0.350638
1.049 0.350288
1.05 0.349938
1.051 0.349588
1.052 0.349239
1.053 0.34889
1.054 0.348541
1.055 0.348192
1.056 0.347844
1.057 0.347497
1.058 0.347149
1.059 0.346802
1.06 0.346456
1.061 0.34611
1.062 0.345764
1.063 0.345418
1.064 0.345073
1.065 0.344728
1.066 0.344383
1.067 0.344039
1.068 0.343695
1.069 0.343352
1.07 0.343009
1.071 0.342666
1.072 0.342323
1.073 0.341981
1.074 0.341639
1.075 0.341298
1.076 0.340957
1.077 0.340616
1.078 0.340275
1.079 0.339935
1.08 0.339596
1.081 0.339256
1.082 0.338917
1.083 0.338578
1.084 0.33824
1.085 0.337902
1.086 0.337564
1.087 0.337227
1.088 0.33689
1.089 0.336553
1.09 0.336216
1.091 0.33588
1.092 0.335545
1.093 0.335209
1.094 0.334874
1.095 0.33454
1.096 0.334205
1.097 0.333871
1.098 0.333537
1.099 0.333204
1.1 0.332871
1.101 0.332538
1.102 0.332206
1.103 0.331874
1.104 0.331542
1.105 0.331211
1.106 0.33088
1.107 0.330549
1.108 0.330219
1.109 0.329889
1.11 0.329559
1.111 0.32923
1.112 0.328901
1.113 0.328572
1.114 0.328243
1.115 0.327915
1.116 0.327588
1.117 0.32726
1.118 0.326933
1.119 0.326606
1.12 0.32628
1.121 0.325954
1.122 0.325628
1.123 0.325302
1.124 0.324977
1.125 0.324652
1.126 0.324328
1.127 0.324004
1.128 0.32368
1.129 0.323356
1.13 0.323033
1.131 0.32271
1.132 0.322388
1.133 0.322066
1.134 0.321744
1.135 0.321422
1.136 0.321101
1.137 0.32078
1.138 0.320459
1.139 0.320139
1.14 0.319819
1.141 0.319499
1.142 0.31918
1.143 0.318861
1.144 0.318542
1.145 0.318224
1.146 0.317906
1.147 0.317588
1.148 0.317271
1.149 0.316954
1.15 0.316637
1.151 0.31632
1.152 0.316004
1.153 0.315688
1.154 0.315373
1.155 0.315058
1.156 0.314743
1.157 0.314428
1.158 0.314114
1.159 0.3138
1.16 0.313486
1.161 0.313173
1.162 0.31286
1.163 0.312547
1.164 0.312235
1.165 0.311923
1.166 0.311611
1.167 0.311299
1.168 0.310988
1.169 0.310677
1.17 0.310367
1.171 0.310057
1.172 0.309747
1.173 0.309437
1.174 0.309128
1.175 0.308819
1.176 0.30851
1.177 0.308202
1.178 0.307894
1.179 0.307586
1.18 0.307279
1.181 0.306972
1.182 0.306665
1.183 0.306358
1.184 0.306052
1.185 0.305746
1.186 0.305441
1.187 0.305135
1.188 0.30483
1.189 0.304526
1.19 0.304221
1.191 0.303917
1.192 0.303613
1.193 0.30331
1.194 0.303007
1.195 0.302704
1.196 0.302401
1.197 0.302099
1.198 0.301797
1.199 0.301496
1.2 0.301194
1.201 0.300893
1.202 0.300592
1.203 0.300292
1.204 0.299992
1.205 0.299692
1.206 0.299392
1.207 0.299093
1.208 0.298794
1.209 0.298496
1.21 0.298197
1.211 0.297899
1.212 0.297601
1.213 0.297304
1.214 0.297007
1.215 0.29671
1.216 0.296413
1.217 0.296117
1.218 0.295821
1.219 0.295526
1.22 0.29523
1.221 0.294935
1.222 0.29464
1.223 0.294346
1.224 0.294052
1.225 0.293758
1.226 0.293464
1.227 0.293171
1.228 0.292878
1.229 0.292585
1.23 0.292293
1.231 0.292
1.232 0.291709
1.233 0.291417
1.234 0.291126
1.235 0.290835
1.236 0.290544
1.237 0.290254
1.238 0.289964
1.239 0.289674
1.24 0.289384
1.241 0.289095
1.242 0.288806
1.243 0.288517
1.244 0.288229
1.245 0.287941
1.246 0.287653
1.247 0.287366
1.248 0.287078
1.249 0.286791
1.25 0.286505
1.251 0.286218
1.252 0.285932
1.253 0.285647
1.254 0.285361
1.255 0.285076
1.256 0.284791
1.257 0.284506
1.258 0.284222
1.259 0.283938
1.26 0.283654
1.261 0.283371
1.262 0.283087
1.263 0.282804
1.264 0.282522
1.265 0.282239
1.266 0.281957
1.267 0.281675
1.268 0.281394
1.269 0.281113
1.27 0.280832
1.271 0.280551
1.272 0.280271
1.273 0.27999
1.274 0.279711
1.275 0.279431
1.276 0.279152
1.277 0.278873
1.278 0.278594
1.279 0.278315
1.28 0.278037
1.281 0.277759
1.282 0.277482
1.283 0.277204
1.284 0.276927
1.285 0.276651
1.286 0.276374
1.287 0.276098
1.288 0.275822
1.289 0.275546
1.29 0.275271
1.291 0.274996
1.292 0.274721
1.293 0.274446
1.294 0.274172
1.295 0.273898
1.296 0.273624
1.297 0.273351
1.298 0.273077
1.299 0.272804
1.3 0.272532
1.301 0.272259
1.302 0.271987
1.303 0.271715
1.304 0.271444
1.305 0.271173
1.306 0.270901
1.307 0.270631
1.308 0.27036
1.309 0.27009
1.31 0.26982
1.311 0.26955
1.312 0.269281
1.313 0.269012
1.314 0.268743
1.315 0.268474
1.316 0.268206
1.317 0.267938
1.318 0.26767
1.319 0.267403
1.32 0.267135
1.321 0.266868
1.322 0.266602
1.323 0.266335
1.324 0.266069
1.325 0.265803
1.326 0.265537
1.327 0.265272
1.328 0.265007
1.329 0.264742
1.33 0.264477
1.331 0.264213
1.332 0.263949
1.333 0.263685
1.334 0.263421
1.335 0.263158
1.336 0.262895
1.337 0.262632
1.338 0.26237
1.339 0.262108
1.34 0.261846
1.341 0.261584
1.342 0.261323
1.343 0.261061
1.344 0.2608
1.345 0.26054
1.346 0.260279
1.347 0.260019
1.348 0.259759
1.349 0.2595
1.35 0.25924
1.351 0.258981
1.352 0.258722
1.353 0.258464
1.354 0.258205
1.355 0.257947
1.356 0.257689
1.357 0.257432
1.358 0.257175
1.359 0.256918
1.36 0.256661
1.361 0.256404
1.362 0.256148
1.363 0.255892
1.364 0.255636
1.365 0.255381
1.366 0.255125
1.367 0.25487
1.368 0.254616
1.369 0.254361
1.37 0.254107
1.371 0.253853
1.372 0.253599
1.373 0.253346
1.374 0.253093
1.375 0.25284
1.376 0.252587
1.377 0.252334
1.378 0.252082
1.379 0.25183
1.38 0.251579
1.381 0.251327
1.382 0.251076
1.383 0.250825
1.384 0.250574
1.385 0.250324
1.386 0.250074
1.387 0.249824
1.388 0.249574
1.389 0.249325
1.39 0.249075
1.391 0.248826
1.392 0.248578
1.393 0.248329
1.394 0.248081
1.395 0.247833
1.396 0.247585
1.397 0.247338
1.398 0.247091
1.399 0.246844
1.4 0.246597
1.401 0.24635
1.402 0.246104
1.403 0.245858
1.404 0.245613
1.405 0.245367
1.406 0.245122
1.407 0.244877
1.408 0.244632
1.409 0.244388
1.41 0.244143
1.411 0.243899
1.412 0.243655
1.413 0.243412
1.414 0.243169
1.415 0.242926
1.416 0.242683
1.417 0.24244
1.418 0.242198
1.419 0.241956
1.42 0.241714
1.421 0.241472
1.422 0.241231
1.423 0.24099
1.424 0.240749
1.425 0.240508
1.426 0.240268
1.427 0.240028
1.428 0.239788
1.429 0.239548
1.43 0.239309
1.431 0.23907
1.432 0.238831
1.433 0.238592
1.434 0.238354
1.435 0.238115
1.436 0.237877
1.437 0.23764
1.438 0.237402
1.439 0.237165
1.44 0.236928
1.441 0.236691
1.442 0.236454
1.443 0.236218
1.444 0.235982
1.445 0.235746
1.446 0.23551
1.447 0.235275
1.448 0.23504
1.449 0.234805
1.45 0.23457
1.451 0.234336
1.452 0.234102
1.453 0.233868
1.454 0.233634
1.455 0.2334
1.456 0.233167
1.457 0.232934
1.458 0.232701
1.459 0.232469
1.46 0.232236
1.461 0.232004
1.462 0.231772
1.463 0.231541
1.464 0.231309
1.465 0.231078
1.466 0.230847
1.467 0.230616
1.468 0.230386
1.469 0.230156
1.47 0.229925
1.471 0.229696
1.472 0.229466
1.473 0.229237
1.474 0.229008
1.475 0.228779
1.476 0.22855
1.477 0.228322
1.478 0.228093
1.479 0.227865
1.48 0.227638
1.481 0.22741
1.482 0.227183
1.483 0.226956
1.484 0.226729
1.485 0.226502
1.486 0.226276
1.487 0.22605
1.488 0.225824
1.489 0.225598
1.49 0.225373
1.491 0.225147
1.492 0.224922
1.493 0.224698
1.494 0.224473
1.495 0.224249
1.496 0.224024
1.497 0.223801
1.498 0.223577
1.499 0.223353
1.5 0.22313
1.501 0.222907
1.502 0.222684
1.503 0.222462
1.504 0.222239
1.505 0.222017
1.506 0.221795
1.507 0.221574
1.508 0.221352
1.509 0.221131
1.51 0.22091
1.511 0.220689
1.512 0.220469
1.513 0.220248
1.514 0.220028
1.515 0.219808
1.516 0.219588
1.517 0.219369
1.518 0.21915
1.519 0.218931
1.52 0.218712
1.521 0.218493
1.522 0.218275
1.523 0.218057
1.524 0.217839
1.525 0.217621
1.526 0.217404
1.527 0.217186
1.528 0.216969
1.529 0.216752
1.53 0.216536
1.531 0.216319
1.532 0.216103
1.533 0.215887
1.534 0.215671
1.535 0.215456
1.536 0.21524
1.537 0.215025
1.538 0.21481
1.539 0.214596
1.54 0.214381
1.541 0.214167
1.542 0.213953
1.543 0.213739
1.544 0.213525
1.545 0.213312
1.546 0.213099
1.547 0.212886
1.548 0.212673
1.549 0.21246
1.55 0.212248
1.551 0.212036
1.552 0.211824
1.553 0.211612
1.554 0.211401
1.555 0.211189
1.556 0.210978
1.557 0.210767
1.558 0.210557
1.559 0.210346
1.56 0.210136
1.561 0.209926
1.562 0.209716
1.563 0.209507
1.564 0.209297
1.565 0.209088
1.566 0.208879
1.567 0.20867
1.568 0.208462
1.569 0.208253
1.57 0.208045
1.571 0.207837
1.572 0.20763
1.573 0.207422
1.574 0.207215
1.575 0.207008
1.576 0.206801
1.577 0.206594
1.578 0.206387
1.579 0.206181
1.58 0.205975
1.581 0.205769
1.582 0.205564
1.583 0.205358
1.584 0.205153
1.585 0.204948
1.586 0.204743
1.587 0.204538
1.588 0.204334
1.589 0.20413
1.59 0.203926
1.591 0.203722
1.592 0.203518
1.593 0.203315
1.594 0.203112
1.595 0.202909
1.596 0.202706
1.597 0.202503
1.598 0.202301
1.599 0.202099
1.6 0.201897
1.601 0.201695
1.602 0.201493
1.603 0.201292
1.604 0.201091
1.605 0.20089
1.606 0.200689
1.607 0.200488
1.608 0.200288
1.609 0.200088
1.61 0.199888
1.611 0.199688
1.612 0.199488
1.613 0.199289
1.614 0.19909
1.615 0.198891
1.616 0.198692
1.617 0.198493
1.618 0.198295
1.619 0.198097
1.62 0.197899
1.621 0.197701
1.622 0.197503
1.623 0.197306
1.624 0.197109
1.625 0.196912
1.626 0.196715
1.627 0.196518
1.628 0.196322
1.629 0.196126
1.63 0.19593
1.631 0.195734
1.632 0.195538
1.633 0.195343
1.634 0.195147
1.635 0.194952
1.636 0.194758
1.637 0.194563
1.638 0.194368
1.639 0.194174
1.64 0.19398
1.641 0.193786
1.642 0.193592
1.643 0.193399
1.644 0.193206
1.645 0.193013
1.646 0.19282
1.647 0.192627
1.648 0.192434
1.649 0.192242
1.65 0.19205
1.651 0.191858
1.652 0.191666
1.653 0.191475
1.654 0.191283
1.655 0.191092
1.656 0.190901
1.657 0.19071
1.658 0.19052
1.659 0.190329
1.66 0.190139
1.661 0.189949
1.662 0.189759
1.663 0.189569
1.664 0.18938
1.665 0.189191
1.666 0.189002
1.667 0.188813
1.668 0.188624
1.669 0.188435
1.67 0.188247
1.671 0.188059
1.672 0.187871
1.673 0.187683
1.674 0.187496
1.675 0.187308
1.676 0.187121
1.677 0.186934
1.678 0.186747
1.679 0.18656
1.68 0.186374
1.681 0.186188
1.682 0.186002
1.683 0.185816
1.684 0.18563
1.685 0.185444
1.686 0.185259
1.687 0.185074
1.688 0.184889
1.689 0.184704
1.69 0.18452
1.691 0.184335
1.692 0.184151
1.693 0.183967
1.694 0.183783
1.695 0.183599
1.696 0.183416
1.697 0.183232
1.698 0.183049
1.699 0.182866
1.7 0.182684
1.701 0.182501
1.702 0.182319
1.703 0.182136
1.704 0.181954
1.705 0.181772
1.706 0.181591
1.707 0.181409
1.708 0.181228
1.709 0.181047
1.71 0.180866
1.711 0.180685
1.712 0.180504
1.713 0.180324
1.714 0.180144
1.715 0.179964
1.716 0.179784
1.717 0.179604
1.718 0.179425
1.719 0.179245
1.72 0.179066
1.721 0.178887
1.722 0.178708
1.723 0.17853
1.724 0.178351
1.725 0.178173
1.726 0.177995
1.727 0.177817
1.728 0.177639
1.729 0.177462
1.73 0.177284
1.731 0.177107
1.732 0.17693
1.733 0.176753
1.734 0.176577
1.735 0.1764
1.736 0.176224
1.737 0.176048
1.738 0.175872
1.739 0.175696
1.74 0.17552
1.741 0.175345
1.742 0.17517
1.743 0.174995
1.744 0.17482
1.745 0.174645
1.746 0.17447
1.747 0.174296
1.748 0.174122
1.749 0.173948
1.75 0.173774
1.751 0.1736
1.752 0.173427
1.753 0.173253
1.754 0.17308
1.755 0.172907
1.756 0.172734
1.757 0.172562
1.758 0.172389
1.759 0.172217
1.76 0.172045
1.761 0.171873
1.762 0.171701
1.763 0.17153
1.764 0.171358
1.765 0.171187
1.766 0.171016
1.767 0.170845
1.768 0.170674
1.769 0.170503
1.77 0.170333
1.771 0.170163
1.772 0.169993
1.773 0.169823
1.774 0.169653
1.775 0.169483
1.776 0.169314
1.777 0.169145
1.778 0.168976
1.779 0.168807
1.78 0.168638
1.781 0.16847
1.782 0.168301
1.783 0.168133
1.784 0.167965
1.785 0.167797
1.786 0.167629
1.787 0.167462
1.788 0.167294
1.789 0.167127
1.79 0.16696
1.791 0.166793
1.792 0.166627
1.793 0.16646
1.794 0.166294
1.795 0.166127
1.796 0.165961
1.797 0.165796
1.798 0.16563
1.799 0.165464
1.8 0.165299
1.801 0.165134
1.802 0.164969
1.803 0.164804
1.804 0.164639
1.805 0.164474
1.806 0.16431
1.807 0.164146
1.808 0.163982
1.809 0.163818
1.81 0.163654
1.811 0.163491
1.812 0.163327
1.813 0.163164
1.814 0.163001
1.815 0.162838
1.816 0.162675
1.817 0.162513
1.818 0.16235
1.819 0.162188
1.82 0.162026
1.821 0.161864
1.822 0.161702
1.823 0.16154
1.824 0.161379
1.825 0.161218
1.826 0.161057
1.827 0.160896
1.828 0.160735
1.829 0.160574
1.83 0.160414
1.831 0.160253
1.832 0.160093
1.833 0.159933
1.834 0.159773
1.835 0.159614
1.836 0.159454
1.837 0.159295
1.838 0.159135
1.839 0.158976
1.84 0.158817
1.841 0.158659
1.842 0.1585
1.843 0.158342
1.844 0.158183
1.845 0.158025
1.846 0.157867
1.847 0.15771
1.848 0.157552
1.849 0.157394
1.85 0.157237
1.851 0.15708
1.852 0.156923
1.853 0.156766
1.854 0.156609
1.855 0.156453
1.856 0.156297
1.857 0.15614
1.858 0.155984
1.859 0.155828
1.86 0.155673
1.861 0.155517
1.862 0.155362
1.863 0.155206
1.864 0.155051
1.865 0.154896
1.866 0.154741
1.867 0.154587
1.868 0.154432
1.869 0.154278
1.87 0.154124
1.871 0.15397
1.872 0.153816
1.873 0.153662
1.874 0.153508
1.875 0.153355
1.876 0.153202
1.877 0.153049
1.878 0.152896
1.879 0.152743
1.88 0.15259
1.881 0.152438
1.882 0.152285
1.883 0.152133
1.884 0.151981
1.885 0.151829
1.886 0.151677
1.887 0.151526
1.888 0.151374
1.889 0.151223
1.89 0.151072
1.891 0.150921
1.892 0.15077
1.893 0.150619
1.894 0.150469
1.895 0.150318
1.896 0.150168
1.897 0.150018
1.898 0.149868
1.899 0.149718
1.9 0.149569
1.901 0.149419
1.902 0.14927
1.903 0.149121
1.904 0.148972
1.905 0.148823
1.906 0.148674
1.907 0.148525
1.908 0.148377
1.909 0.148229
1.91 0.14808
1.911 0.147932
1.912 0.147785
1.913 0.147637
1.914 0.147489
1.915 0.147342
1.916 0.147195
1.917 0.147047
1.918 0.1469
1.919 0.146754
1.92 0.146607
1.921 0.14646
1.922 0.146314
1.923 0.146168
1.924 0.146022
1.925 0.145876
1.926 0.14573
1.927 0.145584
1.928 0.145439
1.929 0.145293
1.93 0.145148
1.931 0.145003
1.932 0.144858
1.933 0.144713
1.934 0.144569
1.935 0.144424
1.936 0.14428
1.937 0.144136
1.938 0.143992
1.939 0.143848
1.94 0.143704
1.941 0.14356
1.942 0.143417
1.943 0.143273
1.944 0.14313
1.945 0.142987
1.946 0.142844
1.947 0.142702
1.948 0.142559
1.949 0.142416
1.95 0.142274
1.951 0.142132
1.952 0.14199
1.953 0.141848
1.954 0.141706
1.955 0.141564
1.956 0.141423
1.957 0.141282
1.958 0.14114
1.959 0.140999
1.96 0.140858
1.961 0.140718
1.962 0.140577
1.963 0.140436
1.964 0.140296
1.965 0.140156
1.966 0.140016
1.967 0.139876
1.968 0.139736
1.969 0.139596
1.97 0.139457
1.971 0.139317
1.972 0.139178
1.973 0.139039
1.974 0.1389
1.975 0.138761
1.976 0.138623
1.977 0.138484
1.978 0.138346
1.979 0.138207
1.98 0.138069
1.981 0.137931
1.982 0.137793
1.983 0.137656
1.984 0.137518
1.985 0.137381
1.986 0.137243
1.987 0.137106
1.988 0.136969
1.989 0.136832
1.99 0.136695
1.991 0.136559
1.992 0.136422
1.993 0.136286
1.994 0.13615
1.995 0.136014
1.996 0.135878
1.997 0.135742
1.998 0.135606
1.999 0.135471
2 0.135335
2.001 0.1352
2.002 0.135065
2.003 0.13493
2.004 0.134795
2.005 0.13466
2.006 0.134526
2.007 0.134391
2.008 0.134257
2.009 0.134123
2.01 0.133989
2.011 0.133855
2.012 0.133721
2.013 0.133587
2.014 0.133454
2.015 0.13332
2.016 0.133187
2.017 0.133054
2.018 0.132921
2.019 0.132788
2.02 0.132655
2.021 0.132523
2.022 0.13239
2.023 0.132258
2.024 0.132126
2.025 0.131994
2.026 0.131862
2.027 0.13173
2.028 0.131598
2.029 0.131467
2.03 0.131336
2.031 0.131204
2.032 0.131073
2.033 0.130942
2.034 0.130811
2.035 0.13068
2.036 0.13055
2.037 0.130419
2.038 0.130289
2.039 0.130159
2.04 0.130029
2.041 0.129899
2.042 0.129769
2.043 0.129639
2.044 0.12951
2.045 0.12938
2.046 0.129251
2.047 0.129122
2.048 0.128993
2.049 0.128864
2.05 0.128735
2.051 0.128606
2.052 0.128478
2.053 0.128349
2.054 0.128221
2.055 0.128093
2.056 0.127965
2.057 0.127837
2.058 0.127709
2.059 0.127581
2.06 0.127454
2.061 0.127327
2.062 0.127199
2.063 0.127072
2.064 0.126945
2.065 0.126818
2.066 0.126692
2.067 0.126565
2.068 0.126438
2.069 0.126312
2.07 0.126186
2.071 0.12606
2.072 0.125934
2.073 0.125808
2.074 0.125682
2.075 0.125556
2.076 0.125431
2.077 0.125306
2.078 0.12518
2.079 0.125055
2.08 0.12493
2.081 0.124805
2.082 0.124681
2.083 0.124556
2.084 0.124431
2.085 0.124307
2.086 0.124183
2.087 0.124059
2.088 0.123935
2.089 0.123811
2.09 0.123687
2.091 0.123564
2.092 0.12344
2.093 0.123317
2.094 0.123193
2.095 0.12307
2.096 0.122947
2.097 0.122824
2.098 0.122702
2.099 0.122579
2.1 0.122456
2.101 0.122334
2.102 0.122212
2.103 0.12209
2.104 0.121968
2.105 0.121846
2.106 0.121724
2.107 0.121602
2.108 0.121481
2.109 0.121359
2.11 0.121238
2.111 0.121117
2.112 0.120996
2.113 0.120875
2.114 0.120754
2.115 0.120633
2.116 0.120513
2.117 0.120392
2.118 0.120272
2.119 0.120152
2.12 0.120032
2.121 0.119912
2.122 0.119792
2.123 0.119672
2.124 0.119552
2.125 0.119433
2.126 0.119314
2.127 0.119194
2.128 0.119075
2.129 0.118956
2.13 0.118837
2.131 0.118719
2.132 0.1186
2.133 0.118481
2.134 0.118363
2.135 0.118245
2.136 0.118126
2.137 0.118008
2.138 0.11789
2.139 0.117773
2.14 0.117655
2.141 0.117537
2.142 0.11742
2.143 0.117302
2.144 0.117185
2.145 0.117068
2.146 0.116951
2.147 0.116834
2.148 0.116717
2.149 0.116601
2.15 0.116484
2.151 0.116368
2.152 0.116251
2.153 0.116135
2.154 0.116019
2.155 0.115903
2.156 0.115787
2.157 0.115672
2.158 0.115556
2.159 0.115441
2.16 0.115325
2.161 0.11521
2.162 0.115095
2.163 0.11498
2.164 0.114865
2.165 0.11475
2.166 0.114635
2.167 0.114521
2.168 0.114406
2.169 0.114292
2.17 0.114178
2.171 0.114063
2.172 0.113949
2.173 0.113836
2.174 0.113722
2.175 0.113608
2.176 0.113495
2.177 0.113381
2.178 0.113268
2.179 0.113155
2.18 0.113042
2.181 0.112929
2.182 0.112816
2.183 0.112703
2.184 0.11259
2.185 0.112478
2.186 0.112365
2.187 0.112253
2.188 0.112141
2.189 0.112029
2.19 0.111917
2.191 0.111805
2.192 0.111693
2.193 0.111582
2.194 0.11147
2.195 0.111359
2.196 0.111247
2.197 0.111136
2.198 0.111025
2.199 0.110914
2.2 0.110803
2.201 0.110692
2.202 0.110582
2.203 0.110471
2.204 0.110361
2.205 0.110251
2.206 0.11014
2.207 0.11003
2.208 0.10992
2.209 0.10981
2.21 0.109701
2.211 0.109591
2.212 0.109481
2.213 0.109372
2.214 0.109263
2.215 0.109154
2.216 0.109044
2.217 0.108935
2.218 0.108827
2.219 0.108718
2.22 0.108609
2.221 0.108501
2.222 0.108392
2.223 0.108284
2.224 0.108176
2.225 0.108067
2.226 0.107959
2.227 0.107851
2.228 0.107744
2.229 0.107636
2.23 0.107528
2.231 0.107421
2.232 0.107314
2.233 0.107206
2.234 0.107099
2.235 0.106992
2.236 0.106885
2.237 0.106778
2.238 0.106672
2.239 0.106565
2.24 0.106459
2.241 0.106352
2.242 0.106246
2.243 0.10614
2.244 0.106034
2.245 0.105928
2.246 0.105822
2.247 0.105716
2.248 0.10561
2.249 0.105505
2.25 0.105399
2.251 0.105294
2.252 0.105189
2.253 0.105084
2.254 0.104978
2.255 0.104874
2.256 0.104769
2.257 0.104664
2.258 0.104559
2.259 0.104455
2.26 0.10435
2.261 0.104246
2.262 0.104142
2.263 0.104038
2.264 0.103934
2.265 0.10383
2.266 0.103726
2.267 0.103623
2.268 0.103519
2.269 0.103416
2.27 0.103312
2.271 0.103209
2.272 0.103106
2.273 0.103003
2.274 0.1029
2.275 0.102797
2.276 0.102694
2.277 0.102592
2.278 0.102489
2.279 0.102387
2.28 0.102284
2.281 0.102182
2.282 0.10208
2.283 0.101978
2.284 0.101876
2.285 0.101774
2.286 0.101672
2.287 0.101571
2.288 0.101469
2.289 0.101368
2.29 0.101266
2.291 0.101165
2.292 0.101064
2.293 0.100963
2.294 0.100862
2.295 0.100761
2.296 0.100661
2.297 0.10056
2.298 0.10046
2.299 0.100359
2.3 0.100259
2.301 0.100159
2.302 0.100059
2.303 0.0999585
2.304 0.0998586
2.305 0.0997588
2.306 0.0996591
2.307 0.0995595
2.308 0.09946
2.309 0.0993606
2.31 0.0992613
2.311 0.099162
2.312 0.0990629
2.313 0.0989639
2.314 0.098865
2.315 0.0987662
2.316 0.0986675
2.317 0.0985688
2.318 0.0984703
2.319 0.0983719
2.32 0.0982736
2.321 0.0981754
2.322 0.0980772
2.323 0.0979792
2.324 0.0978813
2.325 0.0977834
2.326 0.0976857
2.327 0.0975881
2.328 0.0974905
2.329 0.0973931
2.33 0.0972957
2.331 0.0971985
2.332 0.0971014
2.333 0.0970043
2.334 0.0969073
2.335 0.0968105
2.336 0.0967137
2.337 0.0966171
2.338 0.0965205
2.339 0.096424
2.34 0.0963276
2.341 0.0962314
2.342 0.0961352
2.343 0.0960391
2.344 0.0959431
2.345 0.0958472
2.346 0.0957514
2.347 0.0956557
2.348 0.0955601
2.349 0.0954646
2.35 0.0953692
2.351 0.0952738
2.352 0.0951786
2.353 0.0950835
2.354 0.0949884
2.355 0.0948935
2.356 0.0947987
2.357 0.0947039
2.358 0.0946093
2.359 0.0945147
2.36 0.0944202
2.361 0.0943259
2.362 0.0942316
2.363 0.0941374
2.364 0.0940433
2.365 0.0939493
2.366 0.0938554
2.367 0.0937616
2.368 0.0936679
2.369 0.0935743
2.37 0.0934807
2.371 0.0933873
2.372 0.093294
2.373 0.0932007
2.374 0.0931076
2.375 0.0930145
2.376 0.0929215
2.377 0.0928286
2.378 0.0927359
2.379 0.0926432
2.38 0.0925506
2.381 0.0924581
2.382 0.0923657
2.383 0.0922733
2.384 0.0921811
2.385 0.092089
2.386 0.0919969
2.387 0.091905
2.388 0.0918131
2.389 0.0917214
2.39 0.0916297
2.391 0.0915381
2.392 0.0914466
2.393 0.0913552
2.394 0.0912639
2.395 0.0911727
2.396 0.0910816
2.397 0.0909905
2.398 0.0908996
2.399 0.0908087
2.4 0.090718
2.401 0.0906273
2.402 0.0905367
2.403 0.0904462
2.404 0.0903558
2.405 0.0902655
2.406 0.0901753
2.407 0.0900851
2.408 0.0899951
2.409 0.0899052
2.41 0.0898153
2.411 0.0897255
2.412 0.0896358
2.413 0.0895463
2.414 0.0894568
2.415 0.0893673
2.416 0.089278
2.417 0.0891888
2.418 0.0890996
2.419 0.0890106
2.42 0.0889216
2.421 0.0888327
2.422 0.088744
2.423 0.0886553
2.424 0.0885666
2.425 0.0884781
2.426 0.0883897
2.427 0.0883013
2.428 0.0882131
2.429 0.0881249
2.43 0.0880368
2.431 0.0879488
2.432 0.0878609
2.433 0.0877731
2.434 0.0876854
2.435 0.0875977
2.436 0.0875102
2.437 0.0874227
2.438 0.0873353
2.439 0.0872481
2.44 0.0871609
2.441 0.0870737
2.442 0.0869867
2.443 0.0868998
2.444 0.0868129
2.445 0.0867261
2.446 0.0866395
2.447 0.0865529
2.448 0.0864663
2.449 0.0863799
2.45 0.0862936
2.451 0.0862073
2.452 0.0861212
2.453 0.0860351
2.454 0.0859491
2.455 0.0858632
2.456 0.0857774
2.457 0.0856916
2.458 0.085606
2.459 0.0855204
2.46 0.085435
2.461 0.0853496
2.462 0.0852643
2.463 0.085179
2.464 0.0850939
2.465 0.0850088
2.466 0.0849239
2.467 0.084839
2.468 0.0847542
2.469 0.0846695
2.47 0.0845849
2.471 0.0845003
2.472 0.0844159
2.473 0.0843315
2.474 0.0842472
2.475 0.084163
2.476 0.0840789
2.477 0.0839948
2.478 0.0839109
2.479 0.083827
2.48 0.0837432
2.481 0.0836595
2.482 0.0835759
2.483 0.0834924
2.484 0.0834089
2.485 0.0833256
2.486 0.0832423
2.487 0.0831591
2.488 0.083076
2.489 0.0829929
2.49 0.08291
2.491 0.0828271
2.492 0.0827443
2.493 0.0826616
2.494 0.082579
2.495 0.0824965
2.496 0.082414
2.497 0.0823316
2.498 0.0822493
2.499 0.0821671
2.5 0.082085
2.501 0.082003
2.502 0.081921
2.503 0.0818391
2.504 0.0817573
2.505 0.0816756
2.506 0.081594
2.507 0.0815124
2.508 0.0814309
2.509 0.0813495
2.51 0.0812682
2.511 0.081187
2.512 0.0811059
2.513 0.0810248
2.514 0.0809438
2.515 0.0808629
2.516 0.0807821
2.517 0.0807013
2.518 0.0806207
2.519 0.0805401
2.52 0.0804596
2.521 0.0803792
2.522 0.0802988
2.523 0.0802186
2.524 0.0801384
2.525 0.0800583
2.526 0.0799783
2.527 0.0798984
2.528 0.0798185
2.529 0.0797387
2.53 0.079659
2.531 0.0795794
2.532 0.0794999
2.533 0.0794204
2.534 0.079341
2.535 0.0792617
2.536 0.0791825
2.537 0.0791034
2.538 0.0790243
2.539 0.0789453
2.54 0.0788664
2.541 0.0787876
2.542 0.0787088
2.543 0.0786302
2.544 0.0785516
2.545 0.0784731
2.546 0.0783946
2.547 0.0783163
2.548 0.078238
2.549 0.0781598
2.55 0.0780817
2.551 0.0780036
2.552 0.0779257
2.553 0.0778478
2.554 0.07777
2.555 0.0776922
2.556 0.0776146
2.557 0.077537
2.558 0.0774595
2.559 0.0773821
2.56 0.0773047
2.561 0.0772275
2.562 0.0771503
2.563 0.0770732
2.564 0.0769961
2.565 0.0769192
2.566 0.0768423
2.567 0.0767655
2.568 0.0766888
2.569 0.0766121
2.57 0.0765355
2.571 0.076459
2.572 0.0763826
2.573 0.0763063
2.574 0.07623
2.575 0.0761538
2.576 0.0760777
2.577 0.0760017
2.578 0.0759257
2.579 0.0758498
2.58 0.075774
2.581 0.0756983
2.582 0.0756226
2.583 0.075547
2.584 0.0754715
2.585 0.0753961
2.586 0.0753207
2.587 0.0752454
2.588 0.0751702
2.589 0.0750951
2.59 0.07502
2.591 0.0749451
2.592 0.0748701
2.593 0.0747953
2.594 0.0747206
2.595 0.0746459
2.596 0.0745713
2.597 0.0744967
2.598 0.0744223
2.599 0.0743479
2.6 0.0742736
2.601 0.0741993
2.602 0.0741252
2.603 0.0740511
2.604 0.0739771
2.605 0.0739031
2.606 0.0738293
2.607 0.0737555
2.608 0.0736818
2.609 0.0736081
2.61 0.0735345
2.611 0.073461
2.612 0.0733876
2.613 0.0733143
2.614 0.073241
2.615 0.0731678
2.616 0.0730947
2.617 0.0730216
2.618 0.0729486
2.619 0.0728757
2.62 0.0728029
2.621 0.0727301
2.622 0.0726574
2.623 0.0725848
2.624 0.0725122
2.625 0.0724398
2.626 0.0723674
2.627 0.072295
2.628 0.0722228
2.629 0.0721506
2.63 0.0720785
2.631 0.0720064
2.632 0.0719344
2.633 0.0718626
2.634 0.0717907
2.635 0.071719
2.636 0.0716473
2.637 0.0715757
2.638 0.0715041
2.639 0.0714327
2.64 0.0713613
2.641 0.0712899
2.642 0.0712187
2.643 0.0711475
2.644 0.0710764
2.645 0.0710054
2.646 0.0709344
2.647 0.0708635
2.648 0.0707927
2.649 0.0707219
2.65 0.0706512
2.651 0.0705806
2.652 0.0705101
2.653 0.0704396
2.654 0.0703692
2.655 0.0702988
2.656 0.0702286
2.657 0.0701584
2.658 0.0700883
2.659 0.0700182
2.66 0.0699482
2.661 0.0698783
2.662 0.0698085
2.663 0.0697387
2.664 0.069669
2.665 0.0695994
2.666 0.0695298
2.667 0.0694603
2.668 0.0693909
2.669 0.0693215
2.67 0.0692522
2.671 0.069183
2.672 0.0691139
2.673 0.0690448
2.674 0.0689758
2.675 0.0689068
2.676 0.068838
2.677 0.0687692
2.678 0.0687004
2.679 0.0686318
2.68 0.0685632
2.681 0.0684946
2.682 0.0684262
2.683 0.0683578
2.684 0.0682894
2.685 0.0682212
2.686 0.068153
2.687 0.0680849
2.688 0.0680168
2.689 0.0679489
2.69 0.0678809
2.691 0.0678131
2.692 0.0677453
2.693 0.0676776
2.694 0.06761
2.695 0.0675424
2.696 0.0674749
2.697 0.0674074
2.698 0.0673401
2.699 0.0672728
2.7 0.0672055
2.701 0.0671383
2.702 0.0670712
2.703 0.0670042
2.704 0.0669372
2.705 0.0668703
2.706 0.0668035
2.707 0.0667367
2.708 0.06667
2.709 0.0666034
2.71 0.0665368
2.711 0.0664703
2.712 0.0664039
2.713 0.0663375
2.714 0.0662712
2.715 0.066205
2.716 0.0661388
2.717 0.0660727
2.718 0.0660066
2.719 0.0659407
2.72 0.0658748
2.721 0.0658089
2.722 0.0657431
2.723 0.0656774
2.724 0.0656118
2.725 0.0655462
2.726 0.0654807
2.727 0.0654152
2.728 0.0653499
2.729 0.0652845
2.73 0.0652193
2.731 0.0651541
2.732 0.065089
2.733 0.0650239
2.734 0.0649589
2.735 0.064894
2.736 0.0648291
2.737 0.0647643
2.738 0.0646996
2.739 0.0646349
2.74 0.0645703
2.741 0.0645058
2.742 0.0644413
2.743 0.0643769
2.744 0.0643126
2.745 0.0642483
2.746 0.0641841
2.747 0.0641199
2.748 0.0640558
2.749 0.0639918
2.75 0.0639279
2.751 0.063864
2.752 0.0638001
2.753 0.0637364
2.754 0.0636727
2.755 0.063609
2.756 0.0635454
2.757 0.0634819
2.758 0.0634185
2.759 0.0633551
2.76 0.0632918
2.761 0.0632285
2.762 0.0631653
2.763 0.0631022
2.764 0.0630391
2.765 0.0629761
2.766 0.0629132
2.767 0.0628503
2.768 0.0627875
2.769 0.0627247
2.77 0.062662
2.771 0.0625994
2.772 0.0625368
2.773 0.0624743
2.774 0.0624119
2.775 0.0623495
2.776 0.0622872
2.777 0.0622249
2.778 0.0621627
2.779 0.0621006
2.78 0.0620385
2.781 0.0619765
2.782 0.0619146
2.783 0.0618527
2.784 0.0617908
2.785 0.0617291
2.786 0.0616674
2.787 0.0616058
2.788 0.0615442
2.789 0.0614827
2.79 0.0614212
2.791 0.0613598
2.792 0.0612985
2.793 0.0612372
2.794 0.061176
2.795 0.0611149
2.796 0.0610538
2.797 0.0609928
2.798 0.0609318
2.799 0.0608709
2.8 0.0608101
2.801 0.0607493
2.802 0.0606886
2.803 0.0606279
2.804 0.0605673
2.805 0.0605068
2.806 0.0604463
2.807 0.0603859
2.808 0.0603255
2.809 0.0602652
2.81 0.060205
2.811 0.0601448
2.812 0.0600847
2.813 0.0600246
2.814 0.0599647
2.815 0.0599047
2.816 0.0598448
2.817 0.059785
2.818 0.0597253
2.819 0.0596656
2.82 0.0596059
2.821 0.0595464
2.822 0.0594868
2.823 0.0594274
2.824 0.059368
2.825 0.0593087
2.826 0.0592494
2.827 0.0591902
2.828 0.059131
2.829 0.0590719
2.83 0.0590129
2.831 0.0589539
2.832 0.0588949
2.833 0.0588361
2.834 0.0587773
2.835 0.0587185
2.836 0.0586598
2.837 0.0586012
2.838 0.0585426
2.839 0.0584841
2.84 0.0584257
2.841 0.0583673
2.842 0.0583089
2.843 0.0582507
2.844 0.0581924
2.845 0.0581343
2.846 0.0580762
2.847 0.0580181
2.848 0.0579601
2.849 0.0579022
2.85 0.0578443
2.851 0.0577865
2.852 0.0577287
2.853 0.057671
2.854 0.0576134
2.855 0.0575558
2.856 0.0574983
2.857 0.0574408
2.858 0.0573834
2.859 0.0573261
2.86 0.0572688
2.861 0.0572115
2.862 0.0571543
2.863 0.0570972
2.864 0.0570401
2.865 0.0569831
2.866 0.0569262
2.867 0.0568693
2.868 0.0568124
2.869 0.0567557
2.87 0.0566989
2.871 0.0566423
2.872 0.0565856
2.873 0.0565291
2.874 0.0564726
2.875 0.0564161
2.876 0.0563598
2.877 0.0563034
2.878 0.0562471
2.879 0.0561909
2.88 0.0561348
2.881 0.0560787
2.882 0.0560226
2.883 0.0559666
2.884 0.0559107
2.885 0.0558548
2.886 0.055799
2.887 0.0557432
2.888 0.0556875
2.889 0.0556318
2.89 0.0555762
2.891 0.0555207
2.892 0.0554652
2.893 0.0554097
2.894 0.0553544
2.895 0.055299
2.896 0.0552438
2.897 0.0551885
2.898 0.0551334
2.899 0.0550783
2.9 0.0550232
2.901 0.0549682
2.902 0.0549133
2.903 0.0548584
2.904 0.0548036
2.905 0.0547488
2.906 0.0546941
2.907 0.0546394
2.908 0.0545848
2.909 0.0545302
2.91 0.0544757
2.911 0.0544213
2.912 0.0543669
2.913 0.0543125
2.914 0.0542583
2.915 0.054204
2.916 0.0541499
2.917 0.0540957
2.918 0.0540417
2.919 0.0539876
2.92 0.0539337
2.921 0.0538798
2.922 0.0538259
2.923 0.0537721
2.924 0.0537184
2.925 0.0536647
2.926 0.0536111
2.927 0.0535575
2.928 0.0535039
2.929 0.0534505
2.93 0.053397
2.931 0.0533437
2.932 0.0532904
2.933 0.0532371
2.934 0.0531839
2.935 0.0531307
2.936 0.0530776
2.937 0.0530246
2.938 0.0529716
2.939 0.0529186
2.94 0.0528657
2.941 0.0528129
2.942 0.0527601
2.943 0.0527074
2.944 0.0526547
2.945 0.0526021
2.946 0.0525495
2.947 0.052497
2.948 0.0524445
2.949 0.0523921
2.95 0.0523397
2.951 0.0522874
2.952 0.0522351
2.953 0.0521829
2.954 0.0521308
2.955 0.0520787
2.956 0.0520266
2.957 0.0519746
2.958 0.0519227
2.959 0.0518708
2.96 0.0518189
2.961 0.0517671
2.962 0.0517154
2.963 0.0516637
2.964 0.0516121
2.965 0.0515605
2.966 0.0515089
2.967 0.0514575
2.968 0.051406
2.969 0.0513546
2.97 0.0513033
2.971 0.051252
2.972 0.0512008
2.973 0.0511496
2.974 0.0510985
2.975 0.0510474
2.976 0.0509964
2.977 0.0509454
2.978 0.0508945
2.979 0.0508437
2.98 0.0507928
2.981 0.0507421
2.982 0.0506913
2.983 0.0506407
2.984 0.0505901
2.985 0.0505395
2.986 0.050489
2.987 0.0504385
2.988 0.0503881
2.989 0.0503377
2.99 0.0502874
2.991 0.0502372
2.992 0.050187
2.993 0.0501368
2.994 0.0500867
2.995 0.0500366
2.996 0.0499866
2.997 0.0499367
2.998 0.0498867
2.999 0.0498369
3 0.0497871
3.001 0.0497373
3.002 0.0496876
3.003 0.0496379
3.004 0.0495883
3.005 0.0495388
3.006 0.0494892
3.007 0.0494398
3.008 0.0493904
3.009 0.049341
3.01 0.0492917
3.011 0.0492424
3.012 0.0491932
3.013 0.049144
3.014 0.0490949
3.015 0.0490458
3.016 0.0489968
3.017 0.0489478
3.018 0.0488989
3.019 0.04885
3.02 0.0488012
3.021 0.0487524
3.022 0.0487037
3.023 0.048655
3.024 0.0486064
3.025 0.0485578
3.026 0.0485093
3.027 0.0484608
3.028 0.0484124
3.029 0.048364
3.03 0.0483156
3.031 0.0482673
3.032 0.0482191
3.033 0.0481709
3.034 0.0481228
3.035 0.0480747
3.036 0.0480266
3.037 0.0479786
3.038 0.0479307
3.039 0.0478827
3.04 0.0478349
3.041 0.0477871
3.042 0.0477393
3.043 0.0476916
3.044 0.0476439
3.045 0.0475963
3.046 0.0475487
3.047 0.0475012
3.048 0.0474537
3.049 0.0474063
3.05 0.0473589
3.051 0.0473116
3.052 0.0472643
3.053 0.0472171
3.054 0.0471699
3.055 0.0471227
3.056 0.0470756
3.057 0.0470286
3.058 0.0469816
3.059 0.0469346
3.06 0.0468877
3.061 0.0468408
3.062 0.046794
3.063 0.0467472
3.064 0.0467005
3.065 0.0466538
3.066 0.0466072
3.067 0.0465606
3.068 0.0465141
3.069 0.0464676
3.07 0.0464212
3.071 0.0463748
3.072 0.0463284
3.073 0.0462821
3.074 0.0462358
3.075 0.0461896
3.076 0.0461435
3.077 0.0460973
3.078 0.0460513
3.079 0.0460052
3.08 0.0459593
3.081 0.0459133
3.082 0.0458674
3.083 0.0458216
3.084 0.0457758
3.085 0.04573
3.086 0.0456843
3.087 0.0456387
3.088 0.045593
3.089 0.0455475
3.09 0.045502
3.091 0.0454565
3.092 0.045411
3.093 0.0453657
3.094 0.0453203
3.095 0.045275
3.096 0.0452298
3.097 0.0451846
3.098 0.0451394
3.099 0.0450943
3.1 0.0450492
3.101 0.0450042
3.102 0.0449592
3.103 0.0449143
3.104 0.0448694
3.105 0.0448245
3.106 0.0447797
3.107 0.044735
3.108 0.0446902
3.109 0.0446456
3.11 0.044601
3.111 0.0445564
3.112 0.0445118
3.113 0.0444674
3.114 0.0444229
3.115 0.0443785
3.116 0.0443342
3.117 0.0442898
3.118 0.0442456
3.119 0.0442013
3.12 0.0441572
3.121 0.044113
3.122 0.0440689
3.123 0.0440249
3.124 0.0439809
3.125 0.0439369
3.126 0.043893
3.127 0.0438491
3.128 0.0438053
3.129 0.0437615
3.13 0.0437178
3.131 0.0436741
3.132 0.0436304
3.133 0.0435868
3.134 0.0435433
3.135 0.0434998
3.136 0.0434563
3.137 0.0434128
3.138 0.0433695
3.139 0.0433261
3.14 0.0432828
3.141 0.0432395
3.142 0.0431963
3.143 0.0431531
3.144 0.04311
3.145 0.0430669
3.146 0.0430239
3.147 0.0429809
3.148 0.0429379
3.149 0.042895
3.15 0.0428521
3.151 0.0428093
3.152 0.0427665
3.153 0.0427238
3.154 0.0426811
3.155 0.0426384
3.156 0.0425958
3.157 0.0425532
3.158 0.0425107
3.159 0.0424682
3.16 0.0424257
3.161 0.0423833
3.162 0.042341
3.163 0.0422987
3.164 0.0422564
3.165 0.0422141
3.166 0.0421719
3.167 0.0421298
3.168 0.0420877
3.169 0.0420456
3.17 0.0420036
3.171 0.0419616
3.172 0.0419197
3.173 0.0418778
3.174 0.0418359
3.175 0.0417941
3.176 0.0417523
3.177 0.0417106
3.178 0.0416689
3.179 0.0416273
3.18 0.0415857
3.181 0.0415441
3.182 0.0415026
3.183 0.0414611
3.184 0.0414196
3.185 0.0413782
3.186 0.0413369
3.187 0.0412956
3.188 0.0412543
3.189 0.0412131
3.19 0.0411719
3.191 0.0411307
3.192 0.0410896
3.193 0.0410485
3.194 0.0410075
3.195 0.0409665
3.196 0.0409256
3.197 0.0408847
3.198 0.0408438
3.199 0.040803
3.2 0.0407622
3.201 0.0407215
3.202 0.0406808
3.203 0.0406401
3.204 0.0405995
3.205 0.0405589
3.206 0.0405184
3.207 0.0404779
3.208 0.0404374
3.209 0.040397
3.21 0.0403566
3.211 0.0403163
3.212 0.040276
3.213 0.0402357
3.214 0.0401955
3.215 0.0401553
3.216 0.0401152
3.217 0.0400751
3.218 0.040035
3.219 0.039995
3.22 0.0399551
3.221 0.0399151
3.222 0.0398752
3.223 0.0398354
3.224 0.0397956
3.225 0.0397558
3.226 0.039716
3.227 0.0396763
3.228 0.0396367
3.229 0.0395971
3.23 0.0395575
3.231 0.039518
3.232 0.0394785
3.233 0.039439
3.234 0.0393996
3.235 0.0393602
3.236 0.0393209
3.237 0.0392816
3.238 0.0392423
3.239 0.0392031
3.24 0.0391639
3.241 0.0391248
3.242 0.0390856
3.243 0.0390466
3.244 0.0390076
3.245 0.0389686
3.246 0.0389296
3.247 0.0388907
3.248 0.0388518
3.249 0.038813
3.25 0.0387742
3.251 0.0387355
3.252 0.0386967
3.253 0.0386581
3.254 0.0386194
3.255 0.0385808
3.256 0.0385423
3.257 0.0385037
3.258 0.0384653
3.259 0.0384268
3.26 0.0383884
3.261 0.03835
3.262 0.0383117
3.263 0.0382734
3.264 0.0382352
3.265 0.0381969
3.266 0.0381588
3.267 0.0381206
3.268 0.0380825
3.269 0.0380445
3.27 0.0380064
3.271 0.0379684
3.272 0.0379305
3.273 0.0378926
3.274 0.0378547
3.275 0.0378169
3.276 0.0377791
3.277 0.0377413
3.278 0.0377036
3.279 0.0376659
3.28 0.0376283
3.281 0.0375906
3.282 0.0375531
3.283 0.0375155
3.284 0.037478
3.285 0.0374406
3.286 0.0374032
3.287 0.0373658
3.288 0.0373284
3.289 0.0372911
3.29 0.0372538
3.291 0.0372166
3.292 0.0371794
3.293 0.0371423
3.294 0.0371051
3.295 0.037068
3.296 0.037031
3.297 0.036994
3.298 0.036957
3.299 0.0369201
3.3 0.0368832
3.301 0.0368463
3.302 0.0368095
3.303 0.0367727
3.304 0.0367359
3.305 0.0366992
3.306 0.0366625
3.307 0.0366259
3.308 0.0365893
3.309 0.0365527
3.31 0.0365162
3.311 0.0364797
3.312 0.0364432
3.313 0.0364068
3.314 0.0363704
3.315 0.036334
3.316 0.0362977
3.317 0.0362615
3.318 0.0362252
3.319 0.036189
3.32 0.0361528
3.321 0.0361167
3.322 0.0360806
3.323 0.0360445
3.324 0.0360085
3.325 0.0359725
3.326 0.0359366
3.327 0.0359006
3.328 0.0358648
3.329 0.0358289
3.33 0.0357931
3.331 0.0357573
3.332 0.0357216
3.333 0.0356859
3.334 0.0356502
3.335 0.0356146
3.336 0.035579
3.337 0.0355434
3.338 0.0355079
3.339 0.0354724
3.34 0.035437
3.341 0.0354015
3.342 0.0353662
3.343 0.0353308
3.344 0.0352955
3.345 0.0352602
3.346 0.035225
3.347 0.0351898
3.348 0.0351546
3.349 0.0351195
3.35 0.0350844
3.351 0.0350493
3.352 0.0350143
3.353 0.0349793
3.354 0.0349443
3.355 0.0349094
3.356 0.0348745
3.357 0.0348396
3.358 0.0348048
3.359 0.03477
3.36 0.0347353
3.361 0.0347005
3.362 0.0346659
3.363 0.0346312
3.364 0.0345966
3.365 0.034562
3.366 0.0345275
3.367 0.034493
3.368 0.0344585
3.369 0.034424
3.37 0.0343896
3.371 0.0343553
3.372 0.0343209
3.373 0.0342866
3.374 0.0342524
3.375 0.0342181
3.376 0.0341839
3.377 0.0341498
3.378 0.0341156
3.379 0.0340815
3.38 0.0340475
3.381 0.0340134
3.382 0.0339794
3.383 0.0339455
3.384 0.0339115
3.385 0.0338776
3.386 0.0338438
3.387 0.03381
3.388 0.0337762
3.389 0.0337424
3.39 0.0337087
3.391 0.033675
3.392 0.0336413
3.393 0.0336077
3.394 0.0335741
3.395 0.0335406
3.396 0.033507
3.397 0.0334735
3.398 0.0334401
3.399 0.0334067
3.4 0.0333733
3.401 0.0333399
3.402 0.0333066
3.403 0.0332733
3.404 0.03324
3.405 0.0332068
3.406 0.0331736
3.407 0.0331405
3.408 0.0331073
3.409 0.0330743
3.41 0.0330412
3.411 0.0330082
3.412 0.0329752
3.413 0.0329422
3.414 0.0329093
3.415 0.0328764
3.416 0.0328435
3.417 0.0328107
3.418 0.0327779
3.419 0.0327452
3.42 0.0327124
3.421 0.0326797
3.422 0.0326471
3.423 0.0326144
3.424 0.0325818
3.425 0.0325493
3.426 0.0325167
3.427 0.0324842
3.428 0.0324518
3.429 0.0324193
3.43 0.0323869
3.431 0.0323546
3.432 0.0323222
3.433 0.0322899
3.434 0.0322577
3.435 0.0322254
3.436 0.0321932
3.437 0.032161
3.438 0.0321289
3.439 0.0320968
3.44 0.0320647
3.441 0.0320326
3.442 0.0320006
3.443 0.0319686
3.444 0.0319367
3.445 0.0319048
3.446 0.0318729
3.447 0.031841
3.448 0.0318092
3.449 0.0317774
3.45 0.0317456
3.451 0.0317139
3.452 0.0316822
3.453 0.0316505
3.454 0.0316189
3.455 0.0315873
3.456 0.0315557
3.457 0.0315242
3.458 0.0314927
3.459 0.0314612
3.46 0.0314298
3.461 0.0313983
3.462 0.031367
3.463 0.0313356
3.464 0.0313043
3.465 0.031273
3.466 0.0312417
3.467 0.0312105
3.468 0.0311793
3.469 0.0311482
3.47 0.031117
3.471 0.0310859
3.472 0.0310549
3.473 0.0310238
3.474 0.0309928
3.475 0.0309618
3.476 0.0309309
3.477 0.0309
3.478 0.0308691
3.479 0.0308382
3.48 0.0308074
3.481 0.0307766
3.482 0.0307459
3.483 0.0307151
3.484 0.0306844
3.485 0.0306538
3.486 0.0306231
3.487 0.0305925
3.488 0.0305619
3.489 0.0305314
3.49 0.0305009
3.491 0.0304704
3.492 0.0304399
3.493 0.0304095
3.494 0.0303791
3.495 0.0303487
3.496 0.0303184
3.497 0.0302881
3.498 0.0302578
3.499 0.0302276
3.5 0.0301974
3.501 0.0301672
3.502 0.030137
3.503 0.0301069
3.504 0.0300768
3.505 0.0300468
3.506 0.0300167
3.507 0.0299867
3.508 0.0299568
3.509 0.0299268
3.51 0.0298969
3.511 0.029867
3.512 0.0298372
3.513 0.0298074
3.514 0.0297776
3.515 0.0297478
3.516 0.0297181
3.517 0.0296884
3.518 0.0296587
3.519 0.029629
3.52 0.0295994
3.521 0.0295699
3.522 0.0295403
3.523 0.0295108
3.524 0.0294813
3.525 0.0294518
3.526 0.0294224
3.527 0.029393
3.528 0.0293636
3.529 0.0293342
3.53 0.0293049
3.531 0.0292756
3.532 0.0292464
3.533 0.0292171
3.534 0.0291879
3.535 0.0291588
3.536 0.0291296
3.537 0.0291005
3.538 0.0290714
3.539 0.0290424
3.54 0.0290133
3.541 0.0289843
3.542 0.0289554
3.543 0.0289264
3.544 0.0288975
3.545 0.0288686
3.546 0.0288398
3.547 0.0288109
3.548 0.0287821
3.549 0.0287534
3.55 0.0287246
3.551 0.0286959
3.552 0.0286672
3.553 0.0286386
3.554 0.02861
3.555 0.0285814
3.556 0.0285528
3.557 0.0285243
3.558 0.0284958
3.559 0.0284673
3.56 0.0284388
3.561 0.0284104
3.562 0.028382
3.563 0.0283536
3.564 0.0283253
3.565 0.028297
3.566 0.0282687
3.567 0.0282404
3.568 0.0282122
3.569 0.028184
3.57 0.0281559
3.571 0.0281277
3.572 0.0280996
3.573 0.0280715
3.574 0.0280435
3.575 0.0280154
3.576 0.0279874
3.577 0.0279595
3.578 0.0279315
3.579 0.0279036
3.58 0.0278757
3.581 0.0278478
3.582 0.02782
3.583 0.0277922
3.584 0.0277644
3.585 0.0277367
3.586 0.0277089
3.587 0.0276812
3.588 0.0276536
3.589 0.0276259
3.59 0.0275983
3.591 0.0275707
3.592 0.0275432
3.593 0.0275157
3.594 0.0274882
3.595 0.0274607
3.596 0.0274332
3.597 0.0274058
3.598 0.0273784
3.599 0.0273511
3.6 0.0273237
3.601 0.0272964
3.602 0.0272691
3.603 0.0272419
3.604 0.0272146
3.605 0.0271874
3.606 0.0271603
3.607 0.0271331
3.608 0.027106
3.609 0.0270789
3.61 0.0270518
3.611 0.0270248
3.612 0.0269978
3.613 0.0269708
3.614 0.0269439
3.615 0.0269169
3.616 0.02689
3.617 0.0268631
3.618 0.0268363
3.619 0.0268095
3.62 0.0267827
3.621 0.0267559
3.622 0.0267292
3.623 0.0267024
3.624 0.0266758
3.625 0.0266491
3.626 0.0266225
3.627 0.0265959
3.628 0.0265693
3.629 0.0265427
3.63 0.0265162
3.631 0.0264897
3.632 0.0264632
3.633 0.0264368
3.634 0.0264103
3.635 0.0263839
3.636 0.0263576
3.637 0.0263312
3.638 0.0263049
3.639 0.0262786
3.64 0.0262523
3.641 0.0262261
3.642 0.0261999
3.643 0.0261737
3.644 0.0261475
3.645 0.0261214
3.646 0.0260953
3.647 0.0260692
3.648 0.0260432
3.649 0.0260171
3.65 0.0259911
3.651 0.0259652
3.652 0.0259392
3.653 0.0259133
3.654 0.0258874
3.655 0.0258615
3.656 0.0258356
3.657 0.0258098
3.658 0.025784
3.659 0.0257583
3.66 0.0257325
3.661 0.0257068
3.662 0.0256811
3.663 0.0256554
3.664 0.0256298
3.665 0.0256042
3.666 0.0255786
3.667 0.025553
3.668 0.0255275
3.669 0.025502
3.67 0.0254765
3.671 0.025451
3.672 0.0254256
3.673 0.0254002
3.674 0.0253748
3.675 0.0253494
3.676 0.0253241
3.677 0.0252988
3.678 0.0252735
3.679 0.0252482
3.68 0.025223
3.681 0.0251978
3.682 0.0251726
3.683 0.0251474
3.684 0.0251223
3.685 0.0250972
3.686 0.0250721
3.687 0.025047
3.688 0.025022
3.689 0.024997
3.69 0.024972
3.691 0.024947
3.692 0.0249221
3.693 0.0248972
3.694 0.0248723
3.695 0.0248475
3.696 0.0248226
3.697 0.0247978
3.698 0.024773
3.699 0.0247483
3.7 0.0247235
3.701 0.0246988
3.702 0.0246741
3.703 0.0246495
3.704 0.0246248
3.705 0.0246002
3.706 0.0245756
3.707 0.0245511
3.708 0.0245265
3.709 0.024502
3.71 0.0244775
3.711 0.0244531
3.712 0.0244286
3.713 0.0244042
3.714 0.0243798
3.715 0.0243554
3.716 0.0243311
3.717 0.0243068
3.718 0.0242825
3.719 0.0242582
3.72 0.024234
3.721 0.0242097
3.722 0.0241855
3.723 0.0241614
3.724 0.0241372
3.725 0.0241131
3.726 0.024089
3.727 0.0240649
3.728 0.0240409
3.729 0.0240168
3.73 0.0239928
3.731 0.0239689
3.732 0.0239449
3.733 0.023921
3.734 0.0238971
3.735 0.0238732
3.736 0.0238493
3.737 0.0238255
3.738 0.0238017
3.739 0.0237779
3.74 0.0237541
3.741 0.0237304
3.742 0.0237066
3.743 0.0236829
3.744 0.0236593
3.745 0.0236356
3.746 0.023612
3.747 0.0235884
3.748 0.0235648
3.749 0.0235413
3.75 0.0235177
3.751 0.0234942
3.752 0.0234708
3.753 0.0234473
3.754 0.0234239
3.755 0.0234005
3.756 0.0233771
3.757 0.0233537
3.758 0.0233304
3.759 0.023307
3.76 0.0232837
3.761 0.0232605
3.762 0.0232372
3.763 0.023214
3.764 0.0231908
3.765 0.0231676
3.766 0.0231445
3.767 0.0231213
3.768 0.0230982
3.769 0.0230751
3.77 0.0230521
3.771 0.023029
3.772 0.023006
3.773 0.022983
3.774 0.02296
3.775 0.0229371
3.776 0.0229142
3.777 0.0228913
3.778 0.0228684
3.779 0.0228455
3.78 0.0228227
3.781 0.0227999
3.782 0.0227771
3.783 0.0227543
3.784 0.0227316
3.785 0.0227089
3.786 0.0226862
3.787 0.0226635
3.788 0.0226408
3.789 0.0226182
3.79 0.0225956
3.791 0.022573
3.792 0.0225505
3.793 0.0225279
3.794 0.0225054
3.795 0.0224829
3.796 0.0224604
3.797 0.022438
3.798 0.0224156
3.799 0.0223932
3.8 0.0223708
3.801 0.0223484
3.802 0.0223261
3.803 0.0223038
3.804 0.0222815
3.805 0.0222592
3.806 0.0222369
3.807 0.0222147
3.808 0.0221925
3.809 0.0221703
3.81 0.0221482
3.811 0.022126
3.812 0.0221039
3.813 0.0220818
3.814 0.0220598
3.815 0.0220377
3.816 0.0220157
3.817 0.0219937
3.818 0.0219717
3.819 0.0219497
3.82 0.0219278
3.821 0.0219059
3.822 0.021884
3.823 0.0218621
3.824 0.0218403
3.825 0.0218184
3.826 0.0217966
3.827 0.0217748
3.828 0.0217531
3.829 0.0217313
3.83 0.0217096
3.831 0.0216879
3.832 0.0216662
3.833 0.0216446
3.834 0.021623
3.835 0.0216013
3.836 0.0215797
3.837 0.0215582
3.838 0.0215366
3.839 0.0215151
3.84 0.0214936
3.841 0.0214721
3.842 0.0214507
3.843 0.0214292
3.844 0.0214078
3.845 0.0213864
3.846 0.021365
3.847 0.0213437
3.848 0.0213223
3.849 0.021301
3.85 0.0212797
3.851 0.0212585
3.852 0.0212372
3.853 0.021216
3.854 0.0211948
3.855 0.0211736
3.856 0.0211524
3.857 0.0211313
3.858 0.0211102
3.859 0.0210891
3.86 0.021068
3.861 0.0210469
3.862 0.0210259
3.863 0.0210049
3.864 0.0209839
3.865 0.0209629
3.866 0.020942
3.867 0.020921
3.868 0.0209001
3.869 0.0208792
3.87 0.0208584
3.871 0.0208375
3.872 0.0208167
3.873 0.0207959
3.874 0.0207751
3.875 0.0207543
3.876 0.0207336
3.877 0.0207129
3.878 0.0206922
3.879 0.0206715
3.88 0.0206508
3.881 0.0206302
3.882 0.0206096
3.883 0.020589
3.884 0.0205684
3.885 0.0205478
3.886 0.0205273
3.887 0.0205068
3.888 0.0204863
3.889 0.0204658
3.89 0.0204453
3.891 0.0204249
3.892 0.0204045
3.893 0.0203841
3.894 0.0203637
3.895 0.0203434
3.896 0.020323
3.897 0.0203027
3.898 0.0202824
3.899 0.0202622
3.9 0.0202419
3.901 0.0202217
3.902 0.0202015
3.903 0.0201813
3.904 0.0201611
3.905 0.020141
3.906 0.0201208
3.907 0.0201007
3.908 0.0200806
3.909 0.0200606
3.91 0.0200405
3.911 0.0200205
3.912 0.0200005
3.913 0.0199805
3.914 0.0199605
3.915 0.0199405
3.916 0.0199206
3.917 0.0199007
3.918 0.0198808
3.919 0.0198609
3.92 0.0198411
3.921 0.0198213
3.922 0.0198015
3.923 0.0197817
3.924 0.0197619
3.925 0.0197421
3.926 0.0197224
3.927 0.0197027
3.928 0.019683
3.929 0.0196633
3.93 0.0196437
3.931 0.019624
3.932 0.0196044
3.933 0.0195848
3.934 0.0195653
3.935 0.0195457
3.936 0.0195262
3.937 0.0195066
3.938 0.0194872
3.939 0.0194677
3.94 0.0194482
3.941 0.0194288
3.942 0.0194094
3.943 0.01939
3.944 0.0193706
3.945 0.0193512
3.946 0.0193319
3.947 0.0193126
3.948 0.0192932
3.949 0.019274
3.95 0.0192547
3.951 0.0192355
3.952 0.0192162
3.953 0.019197
3.954 0.0191778
3.955 0.0191587
3.956 0.0191395
3.957 0.0191204
3.958 0.0191013
3.959 0.0190822
3.96 0.0190631
3.961 0.0190441
3.962 0.019025
3.963 0.019006
3.964 0.018987
3.965 0.018968
3.966 0.0189491
3.967 0.0189301
3.968 0.0189112
3.969 0.0188923
3.97 0.0188734
3.971 0.0188546
3.972 0.0188357
3.973 0.0188169
3.974 0.0187981
3.975 0.0187793
3.976 0.0187605
3.977 0.0187418
3.978 0.018723
3.979 0.0187043
3.98 0.0186856
3.981 0.018667
3.982 0.0186483
3.983 0.0186297
3.984 0.018611
3.985 0.0185924
3.986 0.0185739
3.987 0.0185553
3.988 0.0185368
3.989 0.0185182
3.99 0.0184997
3.991 0.0184812
3.992 0.0184628
3.993 0.0184443
3.994 0.0184259
3.995 0.0184074
3.996 0.018389
3.997 0.0183707
3.998 0.0183523
3.999 0.018334
4 0.0183156
4.001 0.0182973
4.002 0.018279
4.003 0.0182608
4.004 0.0182425
4.005 0.0182243
4.006 0.0182061
4.007 0.0181879
4.008 0.0181697
4.009 0.0181515
4.01 0.0181334
4.011 0.0181153
4.012 0.0180972
4.013 0.0180791
4.014 0.018061
4.015 0.018043
4.016 0.0180249
4.017 0.0180069
4.018 0.0179889
4.019 0.0179709
4.02 0.017953
4.021 0.017935
4.022 0.0179171
4.023 0.0178992
4.024 0.0178813
4.025 0.0178634
4.026 0.0178456
4.027 0.0178277
4.028 0.0178099
4.029 0.0177921
4.03 0.0177743
4.031 0.0177566
4.032 0.0177388
4.033 0.0177211
4.034 0.0177034
4.035 0.0176857
4.036 0.017668
4.037 0.0176503
4.038 0.0176327
4.039 0.0176151
4.04 0.0175975
4.041 0.0175799
4.042 0.0175623
4.043 0.0175448
4.044 0.0175272
4.045 0.0175097
4.046 0.0174922
4.047 0.0174747
4.048 0.0174573
4.049 0.0174398
4.05 0.0174224
4.051 0.017405
4.052 0.0173876
4.053 0.0173702
4.054 0.0173528
4.055 0.0173355
4.056 0.0173182
4.057 0.0173008
4.058 0.0172836
4.059 0.0172663
4.06 0.017249
4.061 0.0172318
4.062 0.0172146
4.063 0.0171973
4.064 0.0171802
4.065 0.017163
4.066 0.0171458
4.067 0.0171287
4.068 0.0171116
4.069 0.0170945
4.07 0.0170774
4.071 0.0170603
4.072 0.0170433
4.073 0.0170262
4.074 0.0170092
4.075 0.0169922
4.076 0.0169752
4.077 0.0169583
4.078 0.0169413
4.079 0.0169244
4.08 0.0169075
4.081 0.0168906
4.082 0.0168737
4.083 0.0168568
4.084 0.01684
4.085 0.0168231
4.086 0.0168063
4.087 0.0167895
4.088 0.0167727
4.089 0.016756
4.09 0.0167392
4.091 0.0167225
4.092 0.0167058
4.093 0.0166891
4.094 0.0166724
4.095 0.0166557
4.096 0.0166391
4.097 0.0166225
4.098 0.0166059
4.099 0.0165893
4.1 0.0165727
4.101 0.0165561
4.102 0.0165396
4.103 0.016523
4.104 0.0165065
4.105 0.01649
4.106 0.0164735
4.107 0.0164571
4.108 0.0164406
4.109 0.0164242
4.11 0.0164078
4.111 0.0163914
4.112 0.016375
4.113 0.0163586
4.114 0.0163423
4.115 0.0163259
4.116 0.0163096
4.117 0.0162933
4.118 0.016277
4.119 0.0162608
4.12 0.0162445
4.121 0.0162283
4.122 0.0162121
4.123 0.0161959
4.124 0.0161797
4.125 0.0161635
4.126 0.0161473
4.127 0.0161312
4.128 0.0161151
4.129 0.016099
4.13 0.0160829
4.131 0.0160668
4.132 0.0160507
4.133 0.0160347
4.134 0.0160187
4.135 0.0160027
4.136 0.0159867
4.137 0.0159707
4.138 0.0159547
4.139 0.0159388
4.14 0.0159229
4.141 0.0159069
4.142 0.015891
4.143 0.0158752
4.144 0.0158593
4.145 0.0158434
4.146 0.0158276
4.147 0.0158118
4.148 0.015796
4.149 0.0157802
4.15 0.0157644
4.151 0.0157487
4.152 0.0157329
4.153 0.0157172
4.154 0.0157015
4.155 0.0156858
4.156 0.0156701
4.157 0.0156545
4.158 0.0156388
4.159 0.0156232
4.16 0.0156076
4.161 0.015592
4.162 0.0155764
4.163 0.0155608
4.164 0.0155453
4.165 0.0155297
4.166 0.0155142
4.167 0.0154987
4.168 0.0154832
4.169 0.0154677
4.17 0.0154523
4.171 0.0154368
4.172 0.0154214
4.173 0.015406
4.174 0.0153906
4.175 0.0153752
4.176 0.0153598
4.177 0.0153445
4.178 0.0153291
4.179 0.0153138
4.18 0.0152985
4.181 0.0152832
4.182 0.0152679
4.183 0.0152527
4.184 0.0152374
4.185 0.0152222
4.186 0.015207
4.187 0.0151918
4.188 0.0151766
4.189 0.0151614
4.19 0.0151463
4.191 0.0151311
4.192 0.015116
4.193 0.0151009
4.194 0.0150858
4.195 0.0150707
4.196 0.0150557
4.197 0.0150406
4.198 0.0150256
4.199 0.0150106
4.2 0.0149956
4.201 0.0149806
4.202 0.0149656
4.203 0.0149507
4.204 0.0149357
4.205 0.0149208
4.206 0.0149059
4.207 0.014891
4.208 0.0148761
4.209 0.0148612
4.21 0.0148464
4.211 0.0148315
4.212 0.0148167
4.213 0.0148019
4.214 0.0147871
4.215 0.0147723
4.216 0.0147576
4.217 0.0147428
4.218 0.0147281
4.219 0.0147134
4.22 0.0146986
4.221 0.014684
4.222 0.0146693
4.223 0.0146546
4.224 0.01464
4.225 0.0146253
4.226 0.0146107
4.227 0.0145961
4.228 0.0145815
4.229 0.014567
4.23 0.0145524
4.231 0.0145378
4.232 0.0145233
4.233 0.0145088
4.234 0.0144943
4.235 0.0144798
4.236 0.0144653
4.237 0.0144509
4.238 0.0144364
4.239 0.014422
4.24 0.0144076
4.241 0.0143932
4.242 0.0143788
4.243 0.0143644
4.244 0.0143501
4.245 0.0143357
4.246 0.0143214
4.247 0.0143071
4.248 0.0142928
4.249 0.0142785
4.25 0.0142642
4.251 0.01425
4.252 0.0142357
4.253 0.0142215
4.254 0.0142073
4.255 0.0141931
4.256 0.0141789
4.257 0.0141647
4.258 0.0141506
4.259 0.0141364
4.26 0.0141223
4.261 0.0141082
4.262 0.0140941
4.263 0.01408
4.264 0.0140659
4.265 0.0140519
4.266 0.0140378
4.267 0.0140238
4.268 0.0140098
4.269 0.0139958
4.27 0.0139818
4.271 0.0139678
4.272 0.0139538
4.273 0.0139399
4.274 0.013926
4.275 0.013912
4.276 0.0138981
4.277 0.0138843
4.278 0.0138704
4.279 0.0138565
4.28 0.0138427
4.281 0.0138288
4.282 0.013815
4.283 0.0138012
4.284 0.0137874
4.285 0.0137736
4.286 0.0137599
4.287 0.0137461
4.288 0.0137324
4.289 0.0137186
4.29 0.0137049
4.291 0.0136912
4.292 0.0136775
4.293 0.0136639
4.294 0.0136502
4.295 0.0136366
4.296 0.0136229
4.297 0.0136093
4.298 0.0135957
4.299 0.0135821
4.3 0.0135686
4.301 0.013555
4.302 0.0135414
4.303 0.0135279
4.304 0.0135144
4.305 0.0135009
4.306 0.0134874
4.307 0.0134739
4.308 0.0134604
4.309 0.013447
4.31 0.0134335
4.311 0.0134201
4.312 0.0134067
4.313 0.0133933
4.314 0.0133799
4.315 0.0133665
4.316 0.0133532
4.317 0.0133398
4.318 0.0133265
4.319 0.0133132
4.32 0.0132999
4.321 0.0132866
4.322 0.0132733
4.323 0.01326
4.324 0.0132468
4.325 0.0132336
4.326 0.0132203
4.327 0.0132071
4.328 0.0131939
4.329 0.0131807
4.33 0.0131675
4.331 0.0131544
4.332 0.0131412
4.333 0.0131281
4.334 0.013115
4.335 0.0131019
4.336 0.0130888
4.337 0.0130757
4.338 0.0130626
4.339 0.0130496
4.34 0.0130365
4.341 0.0130235
4.342 0.0130105
4.343 0.0129975
4.344 0.0129845
4.345 0.0129715
4.346 0.0129585
4.347 0.0129456
4.348 0.0129327
4.349 0.0129197
4.35 0.0129068
4.351 0.0128939
4.352 0.012881
4.353 0.0128682
4.354 0.0128553
4.355 0.0128424
4.356 0.0128296
4.357 0.0128168
4.358 0.012804
4.359 0.0127912
4.36 0.0127784
4.361 0.0127656
4.362 0.0127529
4.363 0.0127401
4.364 0.0127274
4.365 0.0127147
4.366 0.0127019
4.367 0.0126893
4.368 0.0126766
4.369 0.0126639
4.37 0.0126512
4.371 0.0126386
4.372 0.012626
4.373 0.0126133
4.374 0.0126007
4.375 0.0125881
4.376 0.0125756
4.377 0.012563
4.378 0.0125504
4.379 0.0125379
4.38 0.0125254
4.381 0.0125128
4.382 0.0125003
4.383 0.0124878
4.384 0.0124754
4.385 0.0124629
4.386 0.0124504
4.387 0.012438
4.388 0.0124256
4.389 0.0124131
4.39 0.0124007
4.391 0.0123883
4.392 0.012376
4.393 0.0123636
4.394 0.0123512
4.395 0.0123389
4.396 0.0123265
4.397 0.0123142
4.398 0.0123019
4.399 0.0122896
4.4 0.0122773
4.401 0.0122651
4.402 0.0122528
4.403 0.0122406
4.404 0.0122283
4.405 0.0122161
4.406 0.0122039
4.407 0.0121917
4.408 0.0121795
4.409 0.0121673
4.41 0.0121552
4.411 0.012143
4.412 0.0121309
4.413 0.0121188
4.414 0.0121067
4.415 0.0120946
4.416 0.0120825
4.417 0.0120704
4.418 0.0120583
4.419 0.0120463
4.42 0.0120342
4.421 0.0120222
4.422 0.0120102
4.423 0.0119982
4.424 0.0119862
4.425 0.0119742
4.426 0.0119622
4.427 0.0119503
4.428 0.0119383
4.429 0.0119264
4.43 0.0119145
4.431 0.0119026
4.432 0.0118907
4.433 0.0118788
4.434 0.0118669
4.435 0.0118551
4.436 0.0118432
4.437 0.0118314
4.438 0.0118196
4.439 0.0118077
4.44 0.0117959
4.441 0.0117841
4.442 0.0117724
4.443 0.0117606
4.444 0.0117488
4.445 0.0117371
4.446 0.0117254
4.447 0.0117137
4.448 0.0117019
4.449 0.0116903
4.45 0.0116786
4.451 0.0116669
4.452 0.0116552
4.453 0.0116436
4.454 0.0116319
4.455 0.0116203
4.456 0.0116087
4.457 0.0115971
4.458 0.0115855
4.459 0.0115739
4.46 0.0115624
4.461 0.0115508
4.462 0.0115393
4.463 0.0115277
4.464 0.0115162
4.465 0.0115047
4.466 0.0114932
4.467 0.0114817
4.468 0.0114702
4.469 0.0114588
4.47 0.0114473
4.471 0.0114359
4.472 0.0114244
4.473 0.011413
4.474 0.0114016
4.475 0.0113902
4.476 0.0113788
4.477 0.0113675
4.478 0.0113561
4.479 0.0113448
4.48 0.0113334
4.481 0.0113221
4.482 0.0113108
4.483 0.0112995
4.484 0.0112882
4.485 0.0112769
4.486 0.0112656
4.487 0.0112544
4.488 0.0112431
4.489 0.0112319
4.49 0.0112206
4.491 0.0112094
4.492 0.0111982
4.493 0.011187
4.494 0.0111759
4.495 0.0111647
4.496 0.0111535
4.497 0.0111424
4.498 0.0111312
4.499 0.0111201
4.5 0.011109
4.501 0.0110979
4.502 0.0110868
4.503 0.0110757
4.504 0.0110646
4.505 0.0110536
4.506 0.0110425
4.507 0.0110315
4.508 0.0110205
4.509 0.0110095
4.51 0.0109985
4.511 0.0109875
4.512 0.0109765
4.513 0.0109655
4.514 0.0109546
4.515 0.0109436
4.516 0.0109327
4.517 0.0109217
4.518 0.0109108
4.519 0.0108999
4.52 0.010889
4.521 0.0108781
4.522 0.0108673
4.523 0.0108564
4.524 0.0108456
4.525 0.0108347
4.526 0.0108239
4.527 0.0108131
4.528 0.0108023
4.529 0.0107915
4.53 0.0107807
4.531 0.0107699
4.532 0.0107591
4.533 0.0107484
4.534 0.0107376
4.535 0.0107269
4.536 0.0107162
4.537 0.0107055
4.538 0.0106948
4.539 0.0106841
4.54 0.0106734
4.541 0.0106627
4.542 0.0106521
4.543 0.0106414
4.544 0.0106308
4.545 0.0106202
4.546 0.0106096
4.547 0.010599
4.548 0.0105884
4.549 0.0105778
4.55 0.0105672
4.551 0.0105566
4.552 0.0105461
4.553 0.0105356
4.554 0.010525
4.555 0.0105145
4.556 0.010504
4.557 0.0104935
4.558 0.010483
4.559 0.0104725
4.56 0.0104621
4.561 0.0104516
4.562 0.0104412
4.563 0.0104307
4.564 0.0104203
4.565 0.0104099
4.566 0.0103995
4.567 0.0103891
4.568 0.0103787
4.569 0.0103683
4.57 0.010358
4.571 0.0103476
4.572 0.0103373
4.573 0.0103269
4.574 0.0103166
4.575 0.0103063
4.576 0.010296
4.577 0.0102857
4.578 0.0102754
4.579 0.0102652
4.58 0.0102549
4.581 0.0102446
4.582 0.0102344
4.583 0.0102242
4.584 0.010214
4.585 0.0102037
4.586 0.0101936
4.587 0.0101834
4.588 0.0101732
4.589 0.010163
4.59 0.0101529
4.591 0.0101427
4.592 0.0101326
4.593 0.0101224
4.594 0.0101123
4.595 0.0101022
4.596 0.0100921
4.597 0.010082
4.598 0.010072
4.599 0.0100619
4.6 0.0100518
4.601 0.0100418
4.602 0.0100318
4.603 0.0100217
4.604 0.0100117
4.605 0.0100017
4.606 0.00999171
4.607 0.00998172
4.608 0.00997174
4.609 0.00996178
4.61 0.00995182
4.611 0.00994187
4.612 0.00993193
4.613 0.00992201
4.614 0.00991209
4.615 0.00990218
4.616 0.00989229
4.617 0.0098824
4.618 0.00987252
4.619 0.00986265
4.62 0.0098528
4.621 0.00984295
4.622 0.00983311
4.623 0.00982328
4.624 0.00981346
4.625 0.00980366
4.626 0.00979386
4.627 0.00978407
4.628 0.00977429
4.629 0.00976452
4.63 0.00975476
4.631 0.00974501
4.632 0.00973527
4.633 0.00972554
4.634 0.00971582
4.635 0.00970611
4.636 0.00969641
4.637 0.00968671
4.638 0.00967703
4.639 0.00966736
4.64 0.0096577
4.641 0.00964804
4.642 0.0096384
4.643 0.00962877
4.644 0.00961914
4.645 0.00960953
4.646 0.00959992
4.647 0.00959033
4.648 0.00958074
4.649 0.00957117
4.65 0.0095616
4.651 0.00955205
4.652 0.0095425
4.653 0.00953296
4.654 0.00952343
4.655 0.00951391
4.656 0.0095044
4.657 0.0094949
4.658 0.00948541
4.659 0.00947593
4.66 0.00946646
4.661 0.009457
4.662 0.00944755
4.663 0.00943811
4.664 0.00942867
4.665 0.00941925
4.666 0.00940983
4.667 0.00940043
4.668 0.00939103
4.669 0.00938165
4.67 0.00937227
4.671 0.0093629
4.672 0.00935354
4.673 0.00934419
4.674 0.00933486
4.675 0.00932553
4.676 0.0093162
4.677 0.00930689
4.678 0.00929759
4.679 0.0092883
4.68 0.00927901
4.681 0.00926974
4.682 0.00926047
4.683 0.00925122
4.684 0.00924197
4.685 0.00923273
4.686 0.00922351
4.687 0.00921429
4.688 0.00920508
4.689 0.00919588
4.69 0.00918669
4.691 0.0091775
4.692 0.00916833
4.693 0.00915917
4.694 0.00915001
4.695 0.00914087
4.696 0.00913173
4.697 0.0091226
4.698 0.00911349
4.699 0.00910438
4.7 0.00909528
4.701 0.00908619
4.702 0.0090771
4.703 0.00906803
4.704 0.00905897
4.705 0.00904991
4.706 0.00904087
4.707 0.00903183
4.708 0.00902281
4.709 0.00901379
4.71 0.00900478
4.711 0.00899578
4.712 0.00898679
4.713 0.0089778
4.714 0.00896883
4.715 0.00895987
4.716 0.00895091
4.717 0.00894196
4.718 0.00893303
4.719 0.0089241
4.72 0.00891518
4.721 0.00890627
4.722 0.00889737
4.723 0.00888847
4.724 0.00887959
4.725 0.00887071
4.726 0.00886185
4.727 0.00885299
4.728 0.00884414
4.729 0.0088353
4.73 0.00882647
4.731 0.00881765
4.732 0.00880884
4.733 0.00880003
4.734 0.00879124
4.735 0.00878245
4.736 0.00877367
4.737 0.0087649
4.738 0.00875614
4.739 0.00874739
4.74 0.00873865
4.741 0.00872991
4.742 0.00872119
4.743 0.00871247
4.744 0.00870376
4.745 0.00869506
4.746 0.00868637
4.747 0.00867769
4.748 0.00866902
4.749 0.00866035
4.75 0.0086517
4.751 0.00864305
4.752 0.00863441
4.753 0.00862578
4.754 0.00861716
4.755 0.00860854
4.756 0.00859994
4.757 0.00859134
4.758 0.00858276
4.759 0.00857418
4.76 0.00856561
4.761 0.00855705
4.762 0.0085485
4.763 0.00853995
4.764 0.00853142
4.765 0.00852289
4.766 0.00851437
4.767 0.00850586
4.768 0.00849736
4.769 0.00848886
4.77 0.00848038
4.771 0.0084719
4.772 0.00846344
4.773 0.00845498
4.774 0.00844653
4.775 0.00843808
4.776 0.00842965
4.777 0.00842122
4.778 0.00841281
4.779 0.0084044
4.78 0.008396
4.781 0.00838761
4.782 0.00837922
4.783 0.00837085
4.784 0.00836248
4.785 0.00835412
4.786 0.00834577
4.787 0.00833743
4.788 0.0083291
4.789 0.00832077
4.79 0.00831246
4.791 0.00830415
4.792 0.00829585
4.793 0.00828756
4.794 0.00827927
4.795 0.008271
4.796 0.00826273
4.797 0.00825447
4.798 0.00824622
4.799 0.00823798
4.8 0.00822975
4.801 0.00822152
4.802 0.0082133
4.803 0.00820509
4.804 0.00819689
4.805 0.0081887
4.806 0.00818052
4.807 0.00817234
4.808 0.00816417
4.809 0.00815601
4.81 0.00814786
4.811 0.00813972
4.812 0.00813158
4.813 0.00812345
4.814 0.00811533
4.815 0.00810722
4.816 0.00809912
4.817 0.00809102
4.818 0.00808294
4.819 0.00807486
4.82 0.00806679
4.821 0.00805872
4.822 0.00805067
4.823 0.00804262
4.824 0.00803458
4.825 0.00802655
4.826 0.00801853
4.827 0.00801052
4.828 0.00800251
4.829 0.00799451
4.83 0.00798652
4.831 0.00797854
4.832 0.00797056
4.833 0.0079626
4.834 0.00795464
4.835 0.00794669
4.836 0.00793875
4.837 0.00793081
4.838 0.00792288
4.839 0.00791497
4.84 0.00790705
4.841 0.00789915
4.842 0.00789126
4.843 0.00788337
4.844 0.00787549
4.845 0.00786762
4.846 0.00785975
4.847 0.0078519
4.848 0.00784405
4.849 0.00783621
4.85 0.00782838
4.851 0.00782055
4.852 0.00781274
4.853 0.00780493
4.854 0.00779713
4.855 0.00778933
4.856 0.00778155
4.857 0.00777377
4.858 0.007766
4.859 0.00775824
4.86 0.00775048
4.861 0.00774274
4.862 0.007735
4.863 0.00772727
4.864 0.00771954
4.865 0.00771183
4.866 0.00770412
4.867 0.00769642
4.868 0.00768873
4.869 0.00768104
4.87 0.00767337
4.871 0.0076657
4.872 0.00765803
4.873 0.00765038
4.874 0.00764273
4.875 0.00763509
4.876 0.00762746
4.877 0.00761984
4.878 0.00761222
4.879 0.00760461
4.88 0.00759701
4.881 0.00758942
4.882 0.00758184
4.883 0.00757426
4.884 0.00756669
4.885 0.00755912
4.886 0.00755157
4.887 0.00754402
4.888 0.00753648
4.889 0.00752895
4.89 0.00752142
4.891 0.0075139
4.892 0.00750639
4.893 0.00749889
4.894 0.0074914
4.895 0.00748391
4.896 0.00747643
4.897 0.00746896
4.898 0.00746149
4.899 0.00745403
4.9 0.00744658
4.901 0.00743914
4.902 0.0074317
4.903 0.00742428
4.904 0.00741686
4.905 0.00740944
4.906 0.00740204
4.907 0.00739464
4.908 0.00738725
4.909 0.00737986
4.91 0.00737249
4.911 0.00736512
4.912 0.00735776
4.913 0.0073504
4.914 0.00734306
4.915 0.00733572
4.916 0.00732839
4.917 0.00732106
4.918 0.00731374
4.919 0.00730643
4.92 0.00729913
4.921 0.00729184
4.922 0.00728455
4.923 0.00727727
4.924 0.00726999
4.925 0.00726273
4.926 0.00725547
4.927 0.00724822
4.928 0.00724097
4.929 0.00723373
4.93 0.0072265
4.931 0.00721928
4.932 0.00721206
4.933 0.00720486
4.934 0.00719766
4.935 0.00719046
4.936 0.00718327
4.937 0.00717609
4.938 0.00716892
4.939 0.00716176
4.94 0.0071546
4.941 0.00714745
4.942 0.0071403
4.943 0.00713317
4.944 0.00712604
4.945 0.00711891
4.946 0.0071118
4.947 0.00710469
4.948 0.00709759
4.949 0.0070905
4.95 0.00708341
4.951 0.00707633
4.952 0.00706926
4.953 0.00706219
4.954 0.00705513
4.955 0.00704808
4.956 0.00704104
4.957 0.007034
4.958 0.00702697
4.959 0.00701994
4.96 0.00701293
4.961 0.00700592
4.962 0.00699892
4.963 0.00699192
4.964 0.00698493
4.965 0.00697795
4.966 0.00697098
4.967 0.00696401
4.968 0.00695705
4.969 0.00695009
4.97 0.00694315
4.971 0.00693621
4.972 0.00692928
4.973 0.00692235
4.974 0.00691543
4.975 0.00690852
4.976 0.00690161
4.977 0.00689472
4.978 0.00688782
4.979 0.00688094
4.98 0.00687406
4.981 0.00686719
4.982 0.00686033
4.983 0.00685347
4.984 0.00684662
4.985 0.00683978
4.986 0.00683294
4.987 0.00682611
4.988 0.00681929
4.989 0.00681247
4.99 0.00680566
4.991 0.00679886
4.992 0.00679207
4.993 0.00678528
4.994 0.0067785
4.995 0.00677172
4.996 0.00676495
4.997 0.00675819
4.998 0.00675144
4.999 0.00674469
